-1304565
-1913179
-2247447
-2468889
-2634721
-2763281
-2860955
-2936129
-2997607
-3041999
-3081517
-3119939
-3145393
-3172989
-3194295
-3215175
-3232293
-3248665
-3262995
-3279057
-3286759
-3296257
-3307533
-3317587
-3330731
-3342095
-3350039
-3355191
-3364953
-3372875
-3381975
-3390001
-3389715
-3397531
-3404479
-3410815
-3411301
-3418635
-3423525
-3429565
-3426201
-3433641
-3435709
-3443167
-3443385
-3456583
-3460293
-3467991
-3474319
-3478459
-3481735
-3484889
-3487203
-3495921
-3495197
-3492733
-3493181
-3499783
-3502257
-3499963
-3507005
-3508885
-3513093
-3514941
-3513889
-3505791
-3508425
-3508213
-3508065
-3514929
-3517923
-3522909
-3522665
-3524087
-3525741
-3523419
-3529791
-3535605
-3533921
-3535393
-3538193
-3537471
-3536871
-3535001
-3534177
-3536261
-3542067
-3545405
-3540903
-3543897
-3544607
-3546669
-3551597
-3559465
-3558247
-3562037
-3566851
-3566605
-3567329
-3561047
-3564399
-3566545
-3565799
-3563409
-3568427
-3565815
-3564563
-3564185
-3562357
-3564231
-3568513
-3570317
-3571909
-3572035
-3569245
-3563223
-3566537
-3572605
-3573753
-3574519
-3576573
-3578269
-3574233
-3574289
-3579049
-3576775
-3574981
-3577171
-3576721
-3581829
-3585657
-3584747
-3581145
-3578513
-3577883
-3577513
-3575077
-3583471
-3585459
-3585205
-3581221
-3586563
-3591811
-3591293
-3592781
-3594271
-3596301
-3593811
-3596117
-3594315
-3599165
-3602991
-3605007
-3603239
-3599313
-3597091
-3601409
-3606503
-3601499
-3605269
-3604833
-3602589
-3605051
-3606949
-3601395
-3598727
-3600305
-3601305
-3606749
-3607291
-3603001
-3607085
-3606155
-3605013
-3609725
-3607743
-3607357
-3607171
-3607929
-3611641
-3612317
-3608759
-3604373
-3608317
-3607959
-3609805
-3610919
-3615613
-3612641
-3616435
-3617419
-3620065
-3615457
-3617715
-3620279
-3621065
-3613815
-3616239
-3618835
-3621819
-3618773
-3619557
-3618671
-3622607
-3621451
-3616531
-3615241
-3623541
-3627009
-3627713
-3624101
-3626747
-3632715
-3633879
-3632705
-3628777
-3626353
-3622341
-3623861
-3625181
-3627543
-3628873
-3628825
-3627383
-3622719
-3625477
-3627009
-3628973
-3635903
-3632131
-3628027
-3624891
-3627643
-3624673
-3624067
-3630257
-3629545
-3633249
-3628737
-3626467
-3625057
-3622001
-3619003
-3620021
-3624663
-3629885
-3627937
-3629993
-3628063
-3627801
-3632731
-3634293
-3629059
-3629763
-3625865
-3625743
-3628121
-3626239
-3624799
-3621689
-3627759
-3626453
-3626487
-3632405
-3629323
-3628009
-3627435
-3631461
-3629289
-3629941
-3626391
-3626221
-3626113
-3629937
-3632269
-3629889
-3631939
-3637183
-3633379
-3632643
-3633245
-3631995
-3631669
-3628001
-3630793
-3634045
-3635427
-3635429
-3636899
-3637187
-3640737
-3633105
-3630889
-3631791
-3633751
-3641213
-3641329
-3641845
-3646043
-3639931
-3642885
-3641615
-3639461
-3639629
-3638725
-3638807
-3637205
-3637815
-3639307
-3640689
-3637903
-3636681
-3636267
-3637751
-3634863
-3634757
-3638489
-3641307
-3640519
-3638393
-3636975
-3636963
-3633221
-3633749
-3637679
-3638535
-3634447
-3631357
-3627015
-3622995
-3625735
-3627499
-3626531
-3631835
-3635261
-3632885
-3632737
-3630513
-3631729
-3632931
-3631521
-3634463
-3632453
-3633029
-3637039
-3637533
-3634175
-3634311
-3629171
-3633015
-3635799
-3635833
-3635753
-3638453
-3637687
-3635179
-3636455
-3637885
-3636915
-3636765
-3639343
-3641439
-3637561
-3641283
-3643415
-3646079
-3646549
-3642807
-3642745
-3643013
-3636865
-3638563
-3634517
-3635705
-3636721
-3642411
-3641297
-3642507
-3646409
-3644699
-3645815
-3644303
-3642029
-3645971
-3650717
-3651163
-3651397
-3650055
-3650013
-3650913
-3655939
-3651865
-3650699
-3644797
-3646599
-3649177
-3650635
-3646929
-3650225
-3650969
-3646477
-3648685
-3645769
-3644459
-3641481
-3645631
-3646807
-3647797
-3651701
-3653303
-3652775
-3651823
-3650597
-3648557
-3645759
-3648321
-3649659
-3647561
-3647749
-3645137
-3646233
-3646349
-3644545
-3650173
-3648285
-3645897
-3646917
-3648623
-3651537
-3646305
-3651811
-3651517
-3649553
-3647461
-3644755
-3644203
-3644747
-3646953
-3649493
-3653189
-3647089
-3648999
-3649825
-3647811
-3640741
-3648203
-3645895
-3653535
-3652373
-3653749
-3652823
-3650597
-3651765
-3653597
-3649669
-3650233
-3651929
-3652477
-3655615
-3655409
-3656827
-3658177
-3653101
-3652575
-3654563
-3655029
-3659325
-3658497
-3663545
-3660243
-3665375
-3663677
-3661203
-3661195
-3663553
-3662847
-3665705
-3666901
-3666123
-3660681
-3661267
-3664063
-3662509
-3660827
-3659733
-3663987
-3660791
-3665323
-3662911
-3662121
-3665609
-3666515
-3665661
-3667231
-3665601
-3665567
-3666551
-3665235
-3665063
-3669185
-3664525
-3662915
-3661381
-3662361
-3659261
-3664653
-3662621
-3661015
-3668605
-3663477
-3660361
-3659923
-3659543
-3658649
-3659109
-3664231
-3669137
-3665711
-3663205
-3658961
-3659535
-3662611
-3663165
-3657119
-3654859
-3658067
-3658469
-3662533
-3659315
-3659067
-3656259
-3657811
-3657719
-3654735
-3657795
-3656569
-3660431
-3659499
-3655857
-3657243
-3655835
-3660165
-3661457
-3661995
-3662093
-3662369
-3655895
-3656641
-3663721
-3662433
-3665341
-3664755
-3668399
-3663567
-3665489
-3667051
-3664867
-3669603
-3669265
-3671257
-3669837
-3674391
-3668289
-3668795
-3671203
-3670415
-3672097
-3673787
-3673597
-3670971
-3670761
-3670167
-3663507
-3660333
-3659117
-3658351
-3656519
-3656883
-3661437
-3658351
-3660853
-3657303
-3658489
-3659503
-3656641
-3661261
-3659889
-3657451
-3660795
-3658923
-3664651
-3662281
-3665689
-3662777
-3656801
-3661413
-3663689
-3665259
-3669817
-3669911
-3671623
-3671711
-3667723
-3670139
-3670499
-3666953
-3664893
-3667363
-3671393
-3668203
-3665783
-3664489
-3663953
-3662089
-3667445
-3669057
-3671957
-3670313
-3669035
-3670225
-3668075
-3665107
-3667621
-3663641
-3662933
-3663361
-3666567
-3669585
-3669293
-3666409
-3669003
-3670633
-3667401
-3667543
-3669039
-3663165
-3664727
-3666915
-3671547
-3671997
-3666579
-3664593
-3665347
-3666337
-3668573
-3666709
-3669177
-3667421
-3670867
-3673887
-3670415
-3669947
-3667369
-3667947
-3666009
-3670307
-3670809
-3670827
-3668137
-3669339
-3669651
-3667997
-3673097
-3670333
-3663513
-3665779
-3664835
-3663987
-3668227
-3667579
-3660591
-3661923
-3671815
-3673407
-3677425
-3671965
-3670927
-3670699
-3673809
-3671793
-3671777
-3669217
-3665119
-3658347
-3655299
-3661961
-3663111
-3660887
-3660969
-3664745
-3663843
-3669873
-3671641
-3676835
-3672427
-3667469
-3667615
-3668119
-3671947
-3672223
-3667751
-3668145
-3664213
-3659481
-3660495
-3661825
-3663085
-3664747
-3665341
-3665683
-3664433
-3660241
-3659513
-3655397
-3652665
-3657733
-3660145
-3657491
-3658613
-3660511
-3658201
-3657535
-3660521
-3662023
-3657085
-3661307
-3657839
-3658405
-3659819
-3661849
-3666537
-3663231
-3658943
-3660693
-3663063
-3659015
-3656689
-3656849
-3659111
-3657579
-3660113
-3664627
-3668877
-3664565
-3670523
-3670047
-3674575
-3670253
-3663113
-3664155
-3660443
-3657383
-3661133
-3665025
-3665515
-3666949
-3671001
-3666073
-3666861
-3660837
-3660341
-3661637
-3660309
-3658759
-3659603
-3658211
-3659155
-3662233
-3660615
-3658731
-3663701
-3661549
-3662113
-3659597
-3665783
-3658157
-3655367
-3654587
-3650905
-3654309
-3655805
-3661407
-3661927
-3659553
-3662755
-3659593
-3663943
-3663849
-3667455
-3669841
-3668045
-3664135
-3664325
-3665231
-3662043
-3656875
-3658071
-3661129
-3657383
-3659305
-3659997
-3660399
-3658833
-3661553
-3657505
-3660159
-3661599
-3658111
-3660423
-3657735
-3658967
-3652231
-3648487
-3652251
-3649231
-3649257
-3649463
-3652295
-3650061
-3647631
-3645087
-3645569
-3649077
-3648753
-3650805
-3651615
-3648833
-3648929
-3647885
-3641009
-3646317
-3644679
-3640633
-3644835
-3645467
-3643887
-3644807
-3646933
-3646005
-3647283
-3643815
-3647249
-3647809
-3651393
-3652963
-3655603
-3654591
-3659925
-3660299
-3651935
-3647113
-3651811
-3653747
-3651565
-3653729
-3658577
-3665551
-3665735
-3668495
-3672881
-3671571
-3673025
-3672157
-3671963
-3672389
-3665969
-3667223
-3675313
-3667355
-3664515
-3664443
-3666891
-3666833
-3662895
-3662017
-3663541
-3661851
-3662025
-3664347
-3666749
-3666801
-3661041
-3661585
-3656953
-3656143
-3660159
-3662541
-3664831
-3661943
-3662329
-3662019
-3662653
-3664321
-3660793
-3665361
-3664351
-3665651
-3663399
-3662235
-3664171
-3667081
-3671511
-3674061
-3676895
-3667993
-3668661
-3667971
-3665517
-3663049
-3664721
-3662897
-3660675
-3662569
-3660255
-3661609
-3661457
-3663391
-3660257
-3664181
-3663037
-3659395
-3657459
-3656675
-3653873
-3653697
-3650261
-3651927
-3652945
-3652087
-3653409
-3658437
-3665795
-3666191
-3664615
-3670159
-3668035
-3663867
-3663171
-3662959
-3666953
-3667315
-3671771
-3667805
-3665763
-3668229
-3673857
-3676459
-3672687
-3674341
-3674807
-3671083
-3667359
-3665235
-3663833
-3659373
-3656477
-3656799
-3656249
-3658317
-3661909
-3660473
-3663885
-3662209
-3657685
-3657163
-3655533
-3656617
-3656341
-3660507
-3662017
-3661489
-3663219
-3656647
-3655969
-3658029
-3655315
-3660787
-3662205
-3664607
-3661553
-3659321
-3663601
-3664093
-3667451
-3663867
-3658135
-3657885
-3660563
-3664459
-3663329
-3661877
-3660623
-3662873
-3658037
-3656167
-3656473
-3664561
-3668425
-3668221
-3669901
-3666519
-3669731
-3664463
-3670683
-3674029
-3667255
-3661635
-3660273
-3660909
-3664951
-3666095
-3667513
-3668119
-3668023
-3670829
-3666275
-3671409
-3671125
-3673463
-3673861
-3677195
-3677125
-3678069
-3675473
-3676711
-3678225
-3682087
-3678229
-3680259
-3679943
-3674477
-3672597
-3674985
-3675435
-3668813
-3667023
-3670489
-3671261
-3667261
-3669837
-3667245
-3667575
-3668175
-3672275
-3679643
-3676339
-3677349
-3680231
-3678983
-3680185
-3679191
-3679361
-3682291
-3685061
-3681691
-3684533
-3684457
-3681649
-3682669
-3681313
-3677559
-3679523
-3678029
-3674899
-3674999
-3681263
-3679301
-3678087
-3678893
-3678543
-3682041
-3686329
-3683855
-3682873
-3684199
-3682559
-3684439
-3681015
-3682327
-3675871
-3673725
-3670715
-3671275
-3666791
-3670721
-3669639
-3672683
-3670917
-3673805
-3675485
-3673331
-3675327
-3670919
-3671823
-3673133
-3670623
-3669835
-3671457
-3670505
-3669483
-3668959
-3669691
-3665547
-3668505
-3669147
-3669159
-3664929
-3673599
-3669291
-3671275
-3669453
-3667673
-3670023
-3675339
-3670395
-3668033
-3668191
-3674425
-3675595
-3675879
-3676517
-3673231
-3671641
-3671459
-3668195
-3672165
-3669791
-3666211
-3665005
-3663859
-3664959
-3666623
-3670257
-3665451
-3669433
-3667551
-3668309
-3665413
-3671561
-3671353
-3673779
-3674833
-3680637
-3679787
-3682291
-3682497
-3680211
-3679037
-3680583
-3677475
-3675565
-3675559
-3675329
-3674203
-3676085
-3671211
-3671579
-3678659
-3673775
-3677229
-3675743
-3679889
-3678401
-3677213
-3676829
-3676225
-3672853
-3667265
-3670895
-3662301
-3663041
-3668147
-3676681
-3679119
-3676475
-3671929
-3671085
-3672003
-3666169
-3666627
-3662825
-3666825
-3664457
-3669047
-3669289
-3678973
-3678311
-3681293
-3681693
-3679785
-3677845
-3679991
-3678099
-3676045
-3678903
-3676319
-3677585
-3685965
-3685663
-3681865
-3679895
-3674479
-3681663
-3683733
-3683477
-3681509
-3678677
-3678581
-3678239
-3674497
-3672489
-3677783
-3674727
-3673523
-3670023
-3669695
-3665839
-3670269
-3675779
-3672239
-3668613
-3666869
-3666401
-3664911
-3660937
-3658839
-3662823
-3661423
-3664905
-3667853
-3665853
-3669451
-3677161
-3674783
-3668341
-3664983
-3665651
-3667189
-3666165
-3664497
-3659173
-3652701
-3657527
-3658537
-3658953
-3655839
-3661183
-3661815
-3658155
-3656493
-3657671
-3653307
-3653679
-3653709
-3658879
-3656665
-3655919
-3659491
-3659381
-3662549
-3668635
-3672051
-3667487
-3665257
-3663581
-3664103
-3665723
-3663125
-3664019
-3660581
-3663387
-3663425
-3666395
-3663335
-3661421
-3659241
-3661697
-3660533
-3661035
-3662157
-3663055
-3667061
-3666231
-3661857
-3662435
-3659423
-3659471
-3660519
-3664183
-3658655
-3659073
-3659311
-3657359
-3654391
-3662615
-3661159
-3658999
-3657905
-3656717
-3659965
-3660521
-3662041
-3663373
-3663143
-3664773
-3668349
-3669829
-3667105
-3666045
-3666253
-3666697
-3661799
-3661173
-3660029
-3654693
-3652807
-3651929
-3654977
-3658227
-3659037
-3656753
-3653545
-3652441
-3650785
-3651469
-3650343
-3650223
-3656247
-3655977
-3657421
-3653819
-3657775
-3656435
-3657545
-3657965
-3659511
-3655855
-3657309
-3652199
-3658493
-3661475
-3666725
-3665711
-3666059
-3663173
-3658133
-3658847
-3658873
-3660853
-3660247
-3654535
-3648407
-3644355
-3645095
-3646609
-3647565
-3648603
-3647951
-3649195
-3652017
-3654031
-3656423
-3655371
-3660689
-3655641
-3649669
-3648189
-3650607
-3649071
-3649819
-3653275
-3649693
-3653791
-3649549
-3652565
-3650877
-3651371
-3653621
-3653879
-3655799
-3656209
-3659637
-3658369
-3659625
-3661335
-3662047
-3659861
-3663633
-3660375
-3661685
-3660987
-3661509
-3662953
-3663209
-3659109
-3659093
-3656043
-3655571
-3651155
-3650929
-3651333
-3655503
-3657849
-3655683
-3651845
-3656321
-3657301
-3659881
-3662359
-3657505
-3658425
-3659255
-3663595
-3658095
-3661979
-3652871
-3655263
-3662007
-3664767
-3667503
-3669205
-3658261
-3664959
-3664129
-3661897
-3660755
-3658929
-3659793
-3662549
-3667251
-3669899
-3666975
-3665101
-3660849
-3667883
-3663869
-3666787
-3670775
-3666493
-3669339
-3667769
-3665609
-3667381
-3666077
-3669641
-3669759
-3670313
-3670297
-3667925
-3669505
-3669579
-3672081
-3672641
-3666487
-3670619
-3674563
-3672857
-3670961
-3670491
-3671105
-3668409
-3669491
-3667957
-3671337
-3668095
-3668645
-3668025
-3663829
-3662121
-3659929
-3659065
-3656249
-3653771
-3660673
-3659667
-3659673
-3662323
-3665997
-3661847
-3662925
-3664949
-3666003
-3662809
-3671379
-3666535
-3665345
-3668783
-3670005
-3668581
-3667177
-3668535
-3671387
-3671535
-3670299
-3670759
-3674519
-3663785
-3664269
-3665847
-3666169
-3671479
-3670019
-3667235
-3667413
-3669991
-3668601
-3675215
-3670811
-3673111
-3668177
-3669853
-3666537
-3664819
-3663491
-3662457
-3662741
-3665509
-3666465
-3668179
-3672553
-3675175
-3666627
-3670157
-3668597
-3665891
-3663715
-3661295
-3658787
-3660613
-3661037
-3660713
-3658073
-3666325
-3665433
-3668183
-3668657
-3664925
-3664759
-3668591
-3673121
-3671623
-3668363
-3671891
-3674607
-3672663
-3668571
-3664473
-3660225
-3663719
-3665849
-3661497
-3666923
-3668467
-3667853
-3666883
-3667581
-3667441
-3669531
-3675321
-3676893
-3676067
-3672749
-3675409
-3671447
-3672547
-3671333
-3670285
-3672117
-3668255
-3662469
-3663093
-3663099
-3656169
-3658029
-3658703
-3661447
-3660689
-3657903
-3663895
-3661495
-3665411
-3670357
-3667755
-3672185
-3669819
-3673861
-3672609
-3671315
-3675383
-3670955
-3673875
-3675067
-3672117
-3667455
-3672787
-3672211
-3672023
-3672413
-3673147
-3670041
-3670619
-3667989
-3664433
-3662137
-3665949
-3664813
-3665655
-3662785
-3661489
-3666065
-3668631
-3666355
-3663541
-3663543
-3666193
-3664467
-3667689
-3665535
-3656313
-3659111
-3663337
-3668597
-3670099
-3666713
-3664823
-3658551
-3656943
-3653289
-3654713
-3656027
-3654765
-3655063
-3657763
-3659741
-3666609
-3665965
-3668127
-3667433
-3667459
-3670007
-3674967
-3673565
-3672285
-3669617
-3666685
-3665443
-3667759
-3670355
-3666187
-3666481
-3668519
-3672857
-3673205
-3669439
-3671247
-3669697
-3669843
-3666899
-3667315
-3671017
-3669207
-3669243
-3669239
-3672635
-3671895
-3673863
-3677499
-3680755
-3679659
-3680867
-3682695
-3683105
-3679483
-3680369
-3674393
-3671561
-3672037
-3673137
-3674533
-3673325
-3675849
-3675595
-3672041
-3670451
-3669039
-3670455
-3670609
-3674911
-3668617
-3674707
-3672995
-3672281
-3677145
-3673693
-3674971
-3675255
-3671513
-3666307
-3664669
-3665659
-3663817
-3667635
-3670915
-3667927
-3668685
-3665221
-3664703
-3668637
-3667361
-3668401
-3673323
-3671253
-3666933
-3669819
-3675241
-3675005
-3674729
-3678089
-3670239
-3667989
-3666887
-3672973
-3673455
-3672263
-3667445
-3670087
-3666177
-3664121
-3668149
-3667023
-3662355
-3669849
-3672035
-3665801
-3666693
-3669479
-3663937
-3664347
-3661733
-3665825
-3666959
-3666133
-3672009
-3669109
-3662061
-3665157
-3670681
-3673119
-3674767
-3677509
-3679355
-3678747
-3673311
-3671353
-3672041
-3671109
-3670547
-3665617
-3666351
-3671009
-3671125
-3673795
-3676575
-3672929
-3676137
-3677031
-3678311
-3682909
-3683329
-3681875
-3679061
-3675115
-3677809
-3677247
-3679869
-3673937
-3672661
-3676281
-3679381
-3682339
-3680781
-3682003
-3677803
-3679489
-3682501
-3681209
-3679073
-3678027
-3677707
-3676031
-3672567
-3678035
-3682923
-3683213
-3681073
-3680473
-3680749
-3682599
-3686941
-3686823
-3690343
-3691525
-3683501
-3681845
-3686083
-3683967
-3685115
-3686551
-3681611
-3687855
-3688819
-3690781
-3687705
-3686847
-3681513
-3686335
-3687511
-3687747
-3681805
-3674439
-3677795
-3679293
-3678685
-3679729
-3676839
-3673351
-3674699
-3671525
-3673111
-3667445
-3666879
-3663233
-3662921
-3665487
-3671367
-3670381
-3670307
-3667439
-3665465
-3664337
-3662439
-3666809
-3672293
-3670359
-3669043
-3668445
-3667015
-3662781
-3658397
-3655341
-3656765
-3665881
-3667093
-3666705
-3670197
-3665699
-3666741
-3665419
-3667767
-3671693
-3668671
-3666779
-3665003
-3662527
-3661687
-3661557
-3662737
-3662483
-3660881
-3657423
-3660139
-3660149
-3664327
-3665147
-3661475
-3663385
-3666055
-3666941
-3667903
-3665995
-3666233
-3667213
-3664341
-3666027
-3661489
-3666555
-3672661
-3669885
-3663489
-3663621
-3662265
-3661183
-3663305
-3662927
-3662355
-3663771
-3663919
-3667547
-3668883
-3666557
-3667121
-3673801
-3677361
-3679475
-3678593
-3675995
-3675939
-3671161
-3664575
-3664469
-3665151
-3666973
-3671381
-3669723
-3669347
-3673725
-3672017
-3669511
-3665105
-3668447
-3673049
-3670053
-3666273
-3670895
-3670391
-3673685
-3673639
-3672339
-3672943
-3676463
-3676857
-3677611
-3669029
-3670581
-3669337
-3664307
-3663091
-3667503
-3668915
-3669241
-3669873
-3670119
-3674871
-3679385
-3676569
-3675855
-3678791
-3675501
-3676633
-3672209
-3671335
-3663249
-3668815
-3671449
-3670327
-3670983
-3672003
-3675537
-3672903
-3680199
-3676951
-3674207
-3676961
-3674447
-3674439
-3674597
-3679979
-3678635
-3679309
-3680673
-3678793
-3680725
-3681067
-3676405
-3684009
-3683719
-3678879
-3683091
-3684105
-3680777
-3685795
-3683375
-3680525
-3682193
-3685259
-3682687
-3680423
-3678691
-3684621
-3681785
-3682305
-3677495
-3673611
-3673885
-3672111
-3671637
-3673339
-3674619
-3674333
-3672871
-3674583
-3676421
-3672007
-3670225
-3667053
-3674807
-3672643
-3674667
-3672455
-3679801
-3680677
-3677593
-3680565
-3679457
-3681609
-3678569
-3672767
-3675699
-3671933
-3670415
-3671243
-3666443
-3670783
-3672651
-3672105
-3673171
-3671591
-3673031
-3673707
-3676549
-3676367
-3673343
-3675841
-3676337
-3671025
-3672367
-3665195
-3661809
-3668013
-3671655
-3673733
-3668781
-3667041
-3665847
-3666729
-3668465
-3666855
-3672533
-3677601
-3673549
-3676565
-3670105
-3671225
-3670245
-3668191
-3665619
-3666667
-3674295
-3672945
-3676775
-3674453
-3672565
-3677621
-3678737
-3678509
-3686945
-3683075
-3680033
-3679477
-3683659
-3678165
-3676407
-3672071
-3673369
-3672803
-3676883
-3678911
-3676269
-3677221
-3674161
-3675317
-3673881
-3674505
-3670593
-3670501
-3669265
-3664403
-3665781
-3671635
-3674863
-3673095
-3677639
-3675009
-3669339
-3671003
-3674267
-3677551
-3673073
-3671121
-3669873
-3673219
-3673699
-3665817
-3668319
-3664109
-3670243
-3668297
-3668851
-3674755
-3670815
-3669947
-3674521
-3674461
-3679215
-3678035
-3672769
-3671227
-3670549
-3670211
-3674677
-3671315
-3670299
-3672091
-3673055
-3669313
-3666639
-3668487
-3674841
-3680061
-3678767
-3678587
-3677489
-3679317
-3678975
-3680923
-3680229
-3676101
-3667899
-3668403
-3665145
-3668877
-3667965
-3665925
-3666143
-3664809
-3665857
-3663529
-3659497
-3661555
-3661077
-3661759
-3663521
-3664643
-3664143
-3661599
-3662539
-3665239
-3660453
-3661373
-3661921
-3655443
-3654093
-3656555
-3656031
-3654569
-3652991
-3650683
-3651557
-3654115
-3651741
-3654381
-3659739
-3665069
-3665973
-3660177
-3653161
-3657319
-3656153
-3656787
-3659593
-3656291
-3657307
-3657017
-3655505
-3653393
-3657623
-3653441
-3651359
-3654293
-3658387
-3664105
-3663077
-3665133
-3669699
-3673273
-3667555
-3665863
-3666409
-3667897
-3669105
-3664107
-3662417
-3660933
-3664855
-3666675
-3663593
-3664385
-3666377
-3662403
-3662669
-3659407
-3655849
-3662485
-3662209
-3665153
-3669127
-3666725
-3674037
-3670873
-3665461
-3664347
-3663933
-3665485
-3662111
-3662975
-3661661
-3661589
-3661445
-3659983
-3664463
-3667531
-3674153
-3668401
-3665663
-3669337
-3667219
-3667291
-3669029
-3662269
-3657919
-3654249
-3658735
-3659659
-3661763
-3663215
-3665821
-3665321
-3664275
-3666957
-3663355
-3659577
-3663615
-3658629
-3661443
-3659803
-3654485
-3653671
-3659271
-3661509
-3662513
-3660325
-3661863
-3664587
-3661021
-3673445
-3674711
-3671869
-3671781
-3670223
-3674897
-3680329
-3675909
-3674635
-3674837
-3680489
-3681567
-3679539
-3679995
-3676335
-3680839
-3680759
-3683647
-3682721
-3677071
-3675367
-3678467
-3676041
-3673609
-3670575
-3679365
-3675497
-3675911
-3681185
-3681535
-3684319
-3686845
-3684943
-3688535
-3685189
-3689729
-3685885
-3687087
-3688397
-3683191
-3685249
-3682429
-3677371
-3682591
-3687021
-3683865
-3686643
-3683453
-3685347
-3685259
-3687165
-3685429
-3685215
-3684669
-3688985
-3693061
-3689885
-3686489
-3686035
-3683745
-3684171
-3680849
-3677945
-3679181
-3678885
-3672621
-3679717
-3679155
-3678305
-3674043
-3673157
-3677507
-3674817
-3674359
-3672019
-3673739
-3668393
-3666899
-3669913
-3671829
-3674841
-3670359
-3664277
-3664719
-3661643
-3667071
-3672335
-3672085
-3671517
-3667799
-3669565
-3668943
-3672605
-3673789
-3674265
-3678309
-3671787
-3673285
-3678573
-3675929
-3674407
-3676779
-3678831
-3684467
-3682741
-3681673
-3680037
-3682275
-3682587
-3682479
-3680097
-3681219
-3679645
-3682381
-3686931
-3682255
-3682545
-3685409
-3680943
-3684163
-3683433
-3685741
-3683739
-3691909
-3688899
-3690643
-3690853
-3694353
-3692965
-3694753
-3692695
-3694421
-3692875
-3688977
-3690137
-3688825
-3689149
-3689251
-3687909
-3687871
-3681667
-3681227
-3682653
-3687619
-3685871
-3688405
-3694473
-3690505
-3693897
-3690163
-3691251
-3689075
-3684917
-3680829
-3683643
-3683253
-3685617
-3685897
-3685439
-3687957
-3684817
-3684607
-3684515
-3685273
-3681093
-3678599
-3676101
-3672407
-3673723
-3670467
-3670365
-3669991
-3672139
-3678465
-3678171
-3680201
-3682833
-3683409
-3685967
-3685389
-3684413
-3684825
-3675901
-3675299
-3678797
-3685393
-3678791
-3683381
-3685201
-3686503
-3688519
-3689763
-3685043
-3689017
-3686771
-3692883
-3685749
-3683645
-3682001
-3681089
-3681627
-3679833
-3677039
-3677975
-3678799
-3683589
-3680551
-3679071
-3687645
-3687633
-3686223
-3680977
-3681067
-3682677
-3680177
-3676721
-3679711
-3678055
-3678089
-3682395
-3682349
-3686493
-3687957
-3689765
-3690529
-3689501
-3688975
-3684299
-3685083
-3682975
-3681611
-3678315
-3680189
-3681541
-3686569
-3688169
-3683187
-3687487
-3683601
-3682887
-3681517
-3681783
-3677637
-3677503
-3680189
-3682093
-3686297
-3678793
-3680349
-3687195
-3682707
-3686359
-3685125
-3679851
-3679107
-3678525
-3679771
-3678239
-3676359
-3682091
-3683441
-3681597
-3678929
-3680629
-3674657
-3672317
-3673775
-3675857
-3681755
-3676579
-3677223
-3673325
-3669361
-3672127
-3672083
-3672491
-3674935
-3670677
-3674277
-3675353
-3677439
-3675737
-3677137
-3680007
-3670855
-3664305
-3671509
-3668945
-3674185
-3671319
-3672973
-3673527
-3669581
-3663615
-3664635
-3669183
-3676409
-3675113
-3676237
-3676517
-3674809
-3673041
-3676069
-3677731
-3676865
-3676663
-3675823
-3673567
-3677431
-3680955
-3688059
-3681851
-3683563
-3683139
-3682395
-3683297
-3684001
-3682527
-3684059
-3685267
-3688227
-3685073
-3685537
-3684607
-3681679
-3677299
-3676489
-3674775
-3676915
-3676575
-3671503
-3668627
-3671035
-3669035
-3670947
-3674075
-3677269
-3677135
-3673719
-3677025
-3675247
-3668927
-3670221
-3673505
-3672737
-3672975
-3680875
-3676785
-3680557
-3685525
-3688549
-3683937
-3683525
-3683289
-3680539
-3682325
-3681373
-3674313
-3678571
-3678863
-3676927
-3676741
-3669777
-3666751
-3666027
-3669273
-3672811
-3669759
-3668881
-3668917
-3670715
-3679807
-3677935
-3679971
-3683321
-3681171
-3676403
-3674577
-3673921
-3677559
-3674349
-3680817
-3672071
-3675569
-3674231
-3674391
-3677953
-3672659
-3673787
-3676605
-3676785
-3679897
-3684419
-3682185
-3679349
-3679849
-3675139
-3674643
-3678677
-3676903
-3674525
-3680615
-3677565
-3671971
-3678395
-3681241
-3683867
-3684401
-3678443
-3680765
-3682201
-3686251
-3688147
-3692001
-3694171
-3696775
-3693373
-3695629
-3696073
-3697737
-3696595
-3691595
-3689433
-3688441
-3691667
-3693615
-3693823
-3694699
-3693241
-3694879
-3692335
-3698381
-3695557
-3696025
-3694469
-3692561
-3691277
-3692091
-3689631
-3688299
-3691829
-3694619
-3692007
-3691193
-3692437
-3687555
-3688637
-3688723
-3693073
-3693443
-3690255
-3690307
-3691093
-3694679
-3694109
-3691043
-3685703
-3682681
-3680273
-3682253
-3680121
-3687943
-3687819
-3684185
-3682523
-3684925
-3682039
-3690205
-3687555
-3685579
-3688331
-3686245
-3683533
-3683527
-3681077
-3680167
-3682239
-3679767
-3682015
-3685335
-3682187
-3679655
-3683343
-3685381
-3684847
-3686065
-3684841
-3682175
-3681619
-3681649
-3681955
-3684479
-3686623
-3684045
-3689453
-3687185
-3689297
-3687701
-3684435
-3688663
-3685971
-3685109
-3685169
-3676901
-3672907
-3675115
-3677687
-3679219
-3679185
-3681593
-3683321
-3681461
-3678565
-3685147
-3682507
-3680339
-3680369
-3677981
-3681889
-3684347
-3683693
-3677237
-3679657
-3682771
-3680661
-3678285
-3680343
-3679869
-3677023
-3680041
-3683191
-3682951
-3684581
-3683335
-3687733
-3686191
-3687809
-3685375
-3687351
-3685081
-3685433
-3678907
-3683417
-3676393
-3676717
-3679043
-3682615
-3679803
-3681213
-3683647
-3679599
-3676425
-3670095
-3668413
-3671249
-3671191
-3671407
-3671407
-3674099
-3673791
-3681365
-3675725
-3677435
-3682533
-3686229
-3685863
-3682187
-3681509
-3676709
-3678905
-3678987
-3683471
-3681189
-3688111
-3682085
-3681177
-3680339
-3681859
-3675335
-3677579
-3676585
-3680273
-3683271
-3677703
-3678763
-3681503
-3680927
-3677363
-3680061
-3681235
-3678353
-3685303
-3677509
-3678561
-3679257
-3680113
-3680859
-3678557
-3680135
-3677329
-3675045
-3675229
-3673887
-3669651
-3673079
-3674247
-3674135
-3674265
-3676811
-3678415
-3676565
-3678305
-3676907
-3677509
-3683459
-3681511
-3681529
-3679959
-3678699
-3680473
-3688485
-3690123
-3691489
-3689681
-3692333
-3693139
-3688165
-3694871
-3695255
-3695367
-3692925
-3692503
-3695071
-3694903
-3692515
-3690587
-3693639
-3688069
-3689777
-3691621
-3690355
-3691793
-3688633
-3691101
-3689995
-3689287
-3690579
-3686715
-3685859
-3685153
-3683653
-3689521
-3687029
-3687323
-3690131
-3685639
-3682899
-3680281
-3681797
-3685329
-3689299
-3686937
-3687975
-3688335
-3680561
-3676155
-3676183
-3678687
-3674827
-3675913
-3680539
-3681699
-3681427
-3680795
-3681817
-3676821
-3675245
-3670541
-3671033
-3672421
-3668407
-3671767
-3679309
-3683063
-3685195
-3687045
-3688833
-3688813
-3682693
-3684513
-3687647
-3680649
-3683283
-3679081
-3679991
-3677821
-3675397
-3679051
-3675817
-3676019
-3675275
-3676931
-3681711
-3680671
-3679607
-3679867
-3683207
-3682617
-3685399
-3684631
-3683759
-3679977
-3678249
-3675327
-3679833
-3677505
-3680159
-3677575
-3674961
-3681947
-3685529
-3680447
-3679831
-3678333
-3679587
-3674401
-3677993
-3682263
-3682417
-3679637
-3681095
-3680941
-3677415
-3672371
-3675389
-3671599
-3674491
-3677183
-3677945
-3670901
-3673035
-3678865
-3677485
-3678813
-3673223
-3672621
-3673433
-3669663
-3665659
-3663543
-3669495
-3668275
-3665665
-3663909
-3662353
-3666531
-3666739
-3673453
-3677249
-3675915
-3674943
-3671265
-3669779
-3671569
-3676697
-3677615
-3680295
-3678957
-3673931
-3675039
-3673619
-3668969
-3669115
-3669003
-3670121
-3670945
-3669473
-3668227
-3668981
-3668653
-3670325
-3674307
-3674063
-3675435
-3669389
-3674391
-3669293
-3671473
-3674793
-3674097
-3677897
-3679741
-3681059
-3674177
-3673727
-3675927
-3678237
-3674577
-3671815
-3673193
-3670455
-3670829
-3674541
-3675981
-3676139
-3674941
-3676459
-3672945
-3675361
-3674919
-3677135
-3677479
-3673411
-3677707
-3676587
-3678909
-3681829
-3681787
-3675291
-3677451
-3676985
-3672581
-3669961
-3666069
-3670687
-3671269
-3677255
-3679073
-3679567
-3671869
-3674449
-3676253
-3679147
-3682193
-3683721
-3682023
-3690815
-3690777
-3686209
-3682465
-3681943
-3684337
-3681913
-3679169
-3679145
-3678689
-3671421
-3672255
-3677067
-3677953
-3680577
-3677105
-3678221
-3672707
-3673399
-3677689
-3678263
-3675819
-3684369
-3685291
-3687401
-3686343
-3687133
-3691233
-3690377
-3690087
-3689005
-3683613
-3681617
-3677615
-3682977
-3677107
-3679595
-3680801
-3683331
-3685837
-3686395
-3684721
-3682597
-3683185
-3686725
-3689851
-3689303
-3682157
-3683965
-3680297
-3685553
-3686219
-3690147
-3687597
-3684735
-3686787
-3689201
-3687245
-3683315
-3685617
-3684227
-3684891
-3681401
-3677983
-3684237
-3680523
-3684039
-3686909
-3688625
-3688713
-3689937
-3683797
-3685409
-3680991
-3683947
-3680723
-3678543
-3685943
-3684707
-3680565
-3679171
-3682555
-3675943
-3675063
-3673725
-3672455
-3668949
-3672251
-3673667
-3676021
-3679667
-3676823
-3677299
-3677237
-3674157
-3673673
-3676673
-3676349
-3677541
-3677701
-3682121
-3678855
-3683791
-3683035
-3676641
-3673997
-3675429
-3675947
-3677189
-3673967
-3676013
-3674461
-3677701
-3677753
-3674273
-3677245
-3678523
-3677315
-3678151
-3676573
-3675583
-3674655
-3679309
-3677563
-3678105
-3680895
-3682537
-3684941
-3680471
-3681715
-3680399
-3683627
-3689407
-3684507
-3677885
-3677863
-3679627
-3682387
-3680761
-3681649
-3678757
-3681873
-3682167
-3683525
-3681747
-3683509
-3684865
-3682509
-3691637
-3687557
-3684717
-3685653
-3684741
-3688389
-3684431
-3685925
-3682971
-3686879
-3687591
-3690311
-3682919
-3679559
-3679165
-3676773
-3678803
-3682169
-3678859
-3677063
-3677487
-3679197
-3676585
-3680467
-3679971
-3678437
-3680051
-3682327
-3682255
-3680509
-3682067
-3679637
-3674709
-3671541
-3667073
-3670515
-3665913
-3666439
-3673813
-3675137
-3672023
-3674789
-3674551
-3678097
-3679641
-3677293
-3681275
-3686949
-3682955
-3677013
-3678765
-3672783
-3672259
-3672755
-3678725
-3680705
-3684323
-3686187
-3681201
-3679533
-3674527
-3672009
-3677219
-3671731
-3670833
-3673405
-3671181
-3667931
-3671657
-3671695
-3676141
-3676401
-3678361
-3680275
-3679723
-3682807
-3686961
-3681517
-3682535
-3679321
-3675777
-3676361
-3676283
-3675505
-3676015
-3673421
-3673483
-3669863
-3670579
-3672129
-3676699
-3671785
-3677055
-3678367
-3678911
-3680979
-3674425
-3672735
-3668661
-3667987
-3667681
-3668017
-3668021
-3666865
-3669767
-3673749
-3675679
-3678251
-3681183
-3679253
-3681873
-3682841
-3681631
-3685121
-3683873
-3681147
-3673407
-3676707
-3678159
-3679047
-3679677
-3673581
-3674063
-3672621
-3672713
-3675007
-3673043
-3673831
-3675093
-3671109
-3671415
-3668351
-3667097
-3668403
-3668743
-3667303
-3668183
-3672787
-3668821
-3670149
-3675153
-3679363
-3678057
-3674501
-3680681
-3676483
-3677345
-3679831
-3683173
-3682523
-3679453
-3671725
-3669837
-3672763
-3681541
-3683485
-3682449
-3683243
-3679803
-3682793
-3680941
-3675407
-3673619
-3670783
-3671485
-3675937
-3677859
-3675121
-3676165
-3673521
-3678161
-3676493
-3676367
-3677909
-3678061
-3671465
-3675025
-3674655
-3671013
-3676185
-3679349
-3685791
-3681281
-3683211
-3681589
-3678299
-3678045
-3673155
-3672979
-3672127
-3670891
-3672193
-3676219
-3679159
-3679697
-3685157
-3680745
-3682083
-3683645
-3680833
-3680767
-3680977
-3681015
-3680889
-3681785
-3686785
-3685021
-3684117
-3689229
-3684001
-3682355
-3680091
-3678875
-3677017
-3677757
-3675623
-3678393
-3676081
-3676845
-3678205
-3678713
-3680003
-3675579
-3678471
-3681137
-3682079
-3677229
-3675759
-3674997
-3673843
-3678057
-3678105
-3682045
-3682119
-3681503
-3684321
-3685485
-3685039
-3684781
-3683703
-3689851
-3688617
-3688073
-3688005
-3684789
-3682949
-3683215
-3681085
-3684933
-3690317
-3689429
-3689923
-3689349
-3686583
-3689335
-3691767
-3687745
