-607849
-658011
-708053
-749739
-783219
-810423
-835657
-858715
-878047
-895275
-913589
-926659
-940523
-949063
-958979
-969787
-975413
-981639
-986907
-995639
-1001085
-1005739
-1012335
-1017741
-1023803
-1032057
-1037451
-1044293
-1051097
-1054717
-1059113
-1062747
-1064313
-1066973
-1071869
-1074355
-1076325
-1081733
-1083501
-1085753
-1086197
-1091853
-1097123
-1101135
-1105445
-1112035
-1114837
-1119541
-1122343
-1127809
-1131131
-1133249
-1137511
-1141119
-1144739
-1144819
-1146055
-1148945
-1148737
-1149779
-1151933
-1152001
-1154751
-1155731
-1157711
-1155285
-1156145
-1155733
-1157281
-1160581
-1163317
-1165111
-1166815
-1170265
-1172725
-1173085
-1177483
-1180011
-1182241
-1184139
-1185063
-1187231
-1187407
-1188039
-1189433
-1190743
-1193451
-1196079
-1199375
-1198739
-1206165
-1210117
-1212983
-1217433
-1219003
-1219995
-1222555
-1220661
-1224227
-1223195
-1226379
-1225863
-1225567
-1224803
-1226069
-1223301
-1225297
-1224795
-1227203
-1227245
-1228557
-1230217
-1231827
-1232067
-1232659
-1233495
-1235835
-1237989
-1238177
-1239525
-1236545
-1239267
-1238817
-1235861
-1237077
-1236277
-1237663
-1239495
-1239573
-1243631
-1244623
-1245977
-1247311
-1247247
-1246193
-1247061
-1249135
-1249801
-1251849
-1253081
-1254017
-1255511
-1256749
-1258045
-1261153
-1263341
-1266485
-1265507
-1266511
-1268119
-1271897
-1274851
-1275115
-1273403
-1274493
-1272021
-1274243
-1273837
-1273889
-1274007
-1273267
-1271153
-1272717
-1272595
-1271409
-1273999
-1273441
-1275455
-1278521
-1281043
-1282681
-1283035
-1283519
-1282949
-1286089
-1287895
-1289331
-1288741
-1286393
-1289727
-1289655
-1291153
-1291489
-1289691
-1291693
-1293931
-1295505
-1299311
-1301421
-1300937
-1303435
-1304395
-1303081
-1304649
-1305891
-1307465
-1308217
-1308027
-1308109
-1308225
-1308061
-1309947
-1311419
-1313579
-1313407
-1311949
-1314351
-1319655
-1321143
-1323649
-1323037
-1322899
-1323777
-1323301
-1322645
-1321947
-1322799
-1323063
-1323107
-1324399
-1322511
-1321927
-1322897
-1323879
-1320737
-1321807
-1323527
-1325159
-1327345
-1328611
-1327429
-1325041
-1325521
-1322543
-1320423
-1320777
-1319367
-1322891
-1324695
-1322643
-1323481
-1325403
-1323957
-1326967
-1326727
-1327225
-1326565
-1328679
-1328375
-1331265
-1332113
-1333811
-1333545
-1335283
-1333413
-1332719
-1330873
-1329075
-1329699
-1327881
-1329387
-1329701
-1332061
-1331529
-1330575
-1328721
-1331289
-1331749
-1328435
-1325447
-1324235
-1325633
-1326219
-1327017
-1328375
-1329489
-1328059
-1324913
-1323293
-1321785
-1322439
-1323513
-1326101
-1327573
-1324343
-1321765
-1323295
-1322489
-1324629
-1327279
-1326253
-1320149
-1318591
-1316875
-1319437
-1323661
-1324635
-1325305
-1330409
-1329799
-1331157
-1329509
-1330203
-1328353
-1329525
-1333033
-1332097
-1330201
-1330601
-1328283
-1329293
-1327237
-1326959
-1330073
-1330929
-1334055
-1334599
-1334595
-1333363
-1332347
-1332469
-1335425
-1332623
-1336133
-1338483
-1339221
-1336865
-1335269
-1334417
-1333971
-1334287
-1335065
-1336251
-1338411
-1339145
-1338521
-1337077
-1338087
-1338865
-1342265
-1340877
-1341211
-1341105
-1343077
-1345205
-1344933
-1341017
-1340795
-1340443
-1343891
-1347113
-1347547
-1350023
-1350805
-1351699
-1351353
-1352271
-1352021
-1353549
-1351541
-1349725
-1348589
-1349829
-1350799
-1352999
-1353801
-1356705
-1354771
-1353295
-1354627
-1353701
-1352819
-1352235
-1352319
-1351503
-1353873
-1355463
-1353451
-1355113
-1356423
-1357751
-1356633
-1357331
-1360919
-1362905
-1363245
-1360721
-1359263
-1358707
-1357841
-1360181
-1360503
-1357775
-1356419
-1357641
-1359419
-1359429
-1358505
-1358171
-1356897
-1355113
-1356813
-1356917
-1355735
-1355647
-1357745
-1360265
-1361825
-1363447
-1366865
-1370341
-1371397
-1374217
-1372539
-1372075
-1371519
-1369611
-1367639
-1368019
-1365951
-1364101
-1363585
-1362525
-1365119
-1369215
-1366581
-1367359
-1368083
-1365707
-1365097
-1365791
-1365287
-1365407
-1364669
-1362879
-1363239
-1362821
-1362499
-1365375
-1369553
-1369933
-1371531
-1373579
-1372193
-1369721
-1371047
-1372269
-1374667
-1373961
-1372043
-1369513
-1366417
-1368579
-1370585
-1369449
-1371577
-1371985
-1374457
-1374659
-1373335
-1372335
-1373923
-1375319
-1377287
-1379315
-1382203
-1385179
-1385525
-1387459
-1388679
-1390127
-1392055
-1389955
-1390481
-1393019
-1393789
-1395011
-1395031
-1394343
-1391801
-1390511
-1392677
-1390905
-1391093
-1390789
-1389917
-1386323
-1387947
-1386473
-1387461
-1390991
-1394033
-1394331
-1391581
-1393427
-1394889
-1392371
-1389727
-1388767
-1390841
-1391371
-1389065
-1388261
-1389511
-1389451
-1389595
-1388145
-1388907
-1390767
-1389247
-1387707
-1386039
-1385391
-1388791
-1390269
-1391887
-1391759
-1390547
-1389221
-1387881
-1385595
-1384849
-1386461
-1386025
-1384919
-1387133
-1387369
-1389739
-1390427
-1390713
-1389445
-1390411
-1391181
-1388327
-1389745
-1388083
-1387159
-1387571
-1385699
-1386637
-1387425
-1390079
-1391475
-1392465
-1393181
-1392947
-1392319
-1393593
-1395965
-1396205
-1398053
-1396959
-1394831
-1395309
-1395573
-1395525
-1393393
-1393149
-1394729
-1392495
-1391559
-1392579
-1391035
-1390615
-1394233
-1394591
-1396533
-1398333
-1398041
-1400463
-1401089
-1401099
-1396553
-1392967
-1389507
-1390635
-1389131
-1390787
-1390751
-1390299
-1392963
-1392951
-1394765
-1393819
-1394835
-1395129
-1396317
-1397823
-1396057
-1392747
-1394031
-1391465
-1390977
-1388037
-1386183
-1388127
-1390187
-1390453
-1391417
-1391619
-1391229
-1391649
-1389273
-1390079
-1390497
-1390611
-1390449
-1390947
-1391875
-1387809
-1385521
-1384883
-1384199
-1384005
-1386511
-1389719
-1392255
-1393091
-1393377
-1395655
-1396157
-1396719
-1398441
-1399543
-1400343
-1401425
-1401995
-1400907
-1404797
-1403521
-1403757
-1405687
-1405119
-1407551
-1407523
-1405941
-1406881
-1406295
-1407769
-1409293
-1407715
-1405255
-1404087
-1404155
-1404725
-1403791
-1403803
-1402517
-1403245
-1402221
-1401519
-1402463
-1402321
-1403529
-1401145
-1401271
-1402453
-1402257
-1403831
-1405969
-1405735
-1402985
-1403657
-1399671
-1397779
-1398277
-1397253
-1394831
-1396457
-1397347
-1395379
-1395313
-1399211
-1399413
-1399827
-1399183
-1397507
-1397377
-1398907
-1399051
-1396947
-1395507
-1394653
-1392511
-1392247
-1391813
-1393945
-1394581
-1394249
-1397639
-1395615
-1398241
-1399187
-1399227
-1397861
-1396689
-1398743
-1396683
-1398185
-1398403
-1397405
-1396063
-1395775
-1392057
-1393719
-1394955
-1394345
-1395267
-1393897
-1391411
-1391579
-1391323
-1390497
-1387597
-1384697
-1383919
-1385479
-1383247
-1381623
-1381963
-1381241
-1380827
-1382945
-1382717
-1381945
-1384007
-1385655
-1385483
-1387439
-1389075
-1389621
-1388507
-1388617
-1388369
-1389593
-1392217
-1391407
-1390519
-1389717
-1390743
-1391535
-1394817
-1397009
-1395077
-1396309
-1398391
-1399401
-1398469
-1395221
-1395937
-1398053
-1398477
-1399543
-1401773
-1401111
-1401439
-1402451
-1400471
-1399935
-1398141
-1397227
-1396755
-1395529
-1397591
-1397069
-1398385
-1398509
-1401651
-1402271
-1401963
-1403209
-1401273
-1401481
-1400161
-1405163
-1401635
-1399971
-1398843
-1398961
-1401115
-1400329
-1401603
-1399695
-1400703
-1400697
-1398191
-1399715
-1398763
-1399335
-1399413
-1400641
-1398571
-1401843
-1402387
-1402143
-1402265
-1403043
-1402665
-1402011
-1402737
-1400915
-1399439
-1398249
-1398153
-1395269
-1396205
-1397103
-1395703
-1393083
-1392323
-1392857
-1388391
-1386661
-1386253
-1385691
-1387277
-1385947
-1387149
-1384109
-1383245
-1385953
-1384607
-1386673
-1387627
-1388529
-1387911
-1385699
-1386451
-1386749
-1386891
-1387893
-1388511
-1390747
-1392045
-1389417
-1388543
-1387273
-1389521
-1389017
-1388495
-1389671
-1391353
-1393301
-1394211
-1396259
-1398625
-1400259
-1402687
-1405171
-1406423
-1405219
-1406433
-1406493
-1406907
-1410093
-1411687
-1415435
-1416675
-1418873
-1417891
-1418281
-1418673
-1418061
-1415783
-1413547
-1412651
-1412991
-1413051
-1412517
-1410927
-1409943
-1410443
-1412165
-1411265
-1410879
-1409935
-1410559
-1409595
-1411501
-1410885
-1412621
-1412549
-1414951
-1416243
-1417261
-1417523
-1418607
-1420805
-1419829
-1418527
-1416555
-1415649
-1417427
-1416707
-1418375
-1418901
-1420763
-1421235
-1424135
-1425055
-1424329
-1427337
-1428425
-1425837
-1421433
-1420487
-1419437
-1421091
-1420695
-1420655
-1418995
-1415557
-1414229
-1412941
-1412719
-1411555
-1410421
-1410423
-1412693
-1415753
-1413705
-1412247
-1411535
-1409255
-1407883
-1405553
-1405583
-1407933
-1405823
-1408051
-1407241
-1410643
-1412781
-1414669
-1417241
-1418331
-1416135
-1416451
-1415521
-1415975
-1416239
-1417189
-1414799
-1415005
-1416163
-1417365
-1418475
-1416351
-1417363
-1416463
-1416601
-1412549
-1410509
-1407183
-1405911
-1406643
-1406281
-1405641
-1405981
-1405609
-1405253
-1407055
-1406203
-1403699
-1405409
-1402365
-1403081
-1403973
-1405679
-1405841
-1407139
-1406611
-1407781
-1408323
-1409847
-1409143
-1410591
-1412449
-1412593
-1412339
-1413257
-1413905
-1414033
-1412975
-1414341
-1414799
-1414647
-1415097
-1415239
-1415283
-1412609
-1413141
-1414213
-1414219
-1413915
-1413713
-1417107
-1418575
-1420515
-1423195
-1421809
-1423967
-1424159
-1423991
-1425121
-1424383
-1422213
-1422017
-1422471
-1422573
-1422643
-1424499
-1425441
-1425361
-1425365
-1423389
-1426347
-1426733
-1428867
-1429555
-1432291
-1434133
-1435625
-1435049
-1434577
-1433817
-1434799
-1433273
-1434299
-1434239
-1433687
-1432207
-1433575
-1434505
-1431955
-1431929
-1432217
-1430311
-1430721
-1430855
-1431469
-1429687
-1428837
-1429865
-1430847
-1431249
-1431759
-1434989
-1435573
-1435413
-1435267
-1434067
-1434825
-1436027
-1435325
-1437829
-1436813
-1436841
-1435637
-1434081
-1431089
-1433891
-1434957
-1435389
-1435959
-1437825
-1440973
-1442003
-1443599
-1444933
-1446449
-1449381
-1446789
-1448305
-1447129
-1446893
-1447171
-1443421
-1444873
-1442243
-1439845
-1438843
-1438487
-1437281
-1440007
-1441243
-1442997
-1441757
-1439083
-1440105
-1439099
-1439757
-1441163
-1442411
-1441539
-1439045
-1438969
-1439919
-1438679
-1439209
-1439767
-1439371
-1438669
-1439125
-1442997
-1443135
-1444237
-1447959
-1447397
-1447619
-1447751
-1447185
-1448663
-1449637
-1447449
-1447335
-1447865
-1446961
-1443503
-1440165
-1439409
-1437577
-1438075
-1437349
-1436271
-1437605
-1438537
-1437069
-1436519
-1437649
-1436639
-1437655
-1436791
-1435977
-1437559
-1437385
-1437203
-1436459
-1436833
-1438565
-1438811
-1438479
-1439381
-1439011
-1439579
-1438465
-1435545
-1435813
-1434767
-1432925
-1434217
-1433497
-1434191
-1432091
-1432169
-1430043
-1430075
-1433025
-1431851
-1432559
-1431437
-1431261
-1430733
-1430911
-1430481
-1431895
-1431355
-1431517
-1430895
-1427571
-1428687
-1431099
-1431951
-1433439
-1433669
-1433403
-1433201
-1430587
-1429931
-1432525
-1430789
-1433079
-1434451
-1433881
-1435859
-1440687
-1441459
-1442687
-1444613
-1443327
-1442013
-1444803
-1445251
-1445577
-1447349
-1447313
-1448063
-1448089
-1446769
-1443043
-1438955
-1438125
-1438027
-1437721
-1437953
-1438547
-1437113
-1434989
-1433891
-1430719
-1429113
-1430403
-1429327
-1427985
-1431181
-1432395
-1429861
-1432377
-1432959
-1429835
-1428731
-1428405
-1428427
-1428367
-1424979
-1419241
-1419637
-1419783
-1421223
-1421625
-1419439
-1420851
-1421917
-1422251
-1418695
-1417819
-1418241
-1419855
-1416937
-1414805
-1410141
-1408323
-1408135
-1410211
-1409071
-1410503
-1411637
-1412987
-1410775
-1411335
-1410775
-1409631
-1408221
-1406715
-1407063
-1404417
-1405129
-1408521
-1409217
-1409571
-1410693
-1411783
-1409717
-1411301
-1412945
-1412493
-1412237
-1408767
-1407501
-1405503
-1409645
-1410013
-1412857
-1413349
-1413639
-1411981
-1413159
-1412869
-1412835
-1411961
-1410875
-1411299
-1410615
-1407857
-1405645
-1405955
-1403679
-1402849
-1402091
-1401315
-1399771
-1398593
-1399499
-1395539
-1397023
-1397743
-1397813
-1397745
-1398475
-1400025
-1400947
-1402207
-1404353
-1404445
-1408611
-1409909
-1410215
-1409781
-1409029
-1405695
-1403265
-1402199
-1402791
-1401561
-1398767
-1399263
-1400025
-1402867
-1403957
-1404403
-1403271
-1401375
-1399623
-1400097
-1400961
-1401599
-1402611
-1404067
-1403875
-1404297
-1400581
-1401449
-1402083
-1404437
-1401241
-1400677
-1400311
-1400335
-1397323
-1398843
-1398759
-1399275
-1400181
-1396531
-1394413
-1391671
-1388185
-1388239
-1386465
-1383801
-1384023
-1380635
-1380371
-1381413
-1382533
-1382121
-1384951
-1386355
-1384567
-1385453
-1385117
-1386531
-1387225
-1387807
-1387315
-1387585
-1385249
-1384617
-1382347
-1382701
-1382001
-1380139
-1380593
-1378805
-1379867
-1379559
-1379595
-1380067
-1380131
-1378483
-1380695
-1381167
-1383619
-1385605
-1388473
-1390869
-1391059
-1393881
-1397305
-1398461
-1399989
-1402163
-1403959
-1403339
-1400407
-1400025
-1400431
-1399083
-1397025
-1400853
-1403369
-1404769
-1405909
-1402017
-1401335
-1399875
-1401587
-1403321
-1405067
-1404669
-1404411
-1404841
-1406225
-1405143
-1407517
-1403949
-1404883
-1407847
-1410091
-1410865
-1413381
-1411945
-1413291
-1411483
-1411771
-1408195
-1407665
-1411033
-1411457
-1414795
-1417807
-1416521
-1414395
-1412695
-1413305
-1414405
-1415401
-1417539
-1414431
-1415237
-1415191
-1415277
-1413869
-1415139
-1413835
-1415665
-1414917
-1416797
-1417843
-1416617
-1416213
-1418285
-1418491
-1418965
-1420081
-1422125
-1424605
-1425383
-1426083
-1429919
-1428637
-1432907
-1434545
-1435321
-1437535
-1436679
-1437829
-1434021
-1430009
-1427515
-1424137
-1423017
-1420331
-1420515
-1417023
-1415337
-1415041
-1415717
-1415507
-1412949
-1412909
-1417545
-1417091
-1420343
-1418193
-1417493
-1417393
-1418507
-1418889
-1418575
-1419773
-1422677
-1424591
-1423773
-1422895
-1421803
-1419941
-1417727
-1419699
-1419035
-1419707
-1418359
-1416643
-1414951
-1416007
-1415269
-1419659
-1420765
-1421359
-1419929
-1420503
-1416835
-1412469
-1411799
-1412011
-1414959
-1413359
-1415673
-1416861
-1418277
-1417437
-1418337
-1418101
-1415771
-1411497
-1409671
-1407755
-1407739
-1409345
-1407695
-1411731
-1412027
-1414767
-1415273
-1413103
-1411747
-1413261
-1412565
-1415199
-1416849
-1416277
-1416665
-1413421
-1414865
-1416517
-1416741
-1414253
-1412481
-1412863
-1412873
-1411843
-1413357
-1412291
-1409901
-1410101
-1412373
-1412307
-1414341
-1415379
-1418249
-1418351
-1419257
-1421431
-1421607
-1420009
-1420059
-1419339
-1419071
-1416387
-1414617
-1416647
-1417423
-1415929
-1416841
-1418107
-1416529
-1417419
-1416023
-1420099
-1421947
-1423299
-1425553
-1426273
-1425951
-1424929
-1427725
-1426067
-1426289
-1427487
-1428689
-1427961
-1427011
-1426169
-1423435
-1424437
-1427243
-1428537
-1430545
-1432491
-1430427
-1428071
-1427635
-1426455
-1424779
-1427115
-1426471
-1426657
-1426151
-1423201
-1421813
-1420955
-1418807
-1417073
-1418035
-1420255
-1418855
-1418291
-1420309
-1418119
-1420813
-1419129
-1417597
-1418463
-1418927
-1415053
-1411405
-1409467
-1410659
-1407747
-1407187
-1405695
-1404093
-1407391
-1408515
-1408859
-1407679
-1407621
-1407135
-1406595
-1406957
-1406883
-1407569
-1407433
-1404491
-1402509
-1402191
-1401999
-1402513
-1400803
-1403873
-1406539
-1409907
-1408103
-1405041
-1406307
-1407233
-1409219
-1409743
-1411133
-1411843
-1413917
-1412595
-1413113
-1413163
-1411353
-1412705
-1413231
-1414159
-1415017
-1417821
-1417581
-1418047
-1417915
-1416259
-1414673
-1414997
-1413301
-1412499
-1412161
-1409259
-1411753
-1411571
-1411737
-1410607
-1411749
-1411699
-1413023
-1418113
-1416919
-1418073
-1417039
-1415483
-1415567
-1413931
-1415489
-1415817
-1414237
-1412665
-1413427
-1410085
-1410273
-1412301
-1414789
-1411353
-1409817
-1409311
-1410829
-1411919
-1412745
-1413077
-1413867
-1414411
-1414569
-1413803
-1415571
-1416093
-1414747
-1416631
-1415729
-1414187
-1412235
-1412967
-1413541
-1411761
-1410859
-1411169
-1410339
-1408761
-1408537
-1409633
-1409223
-1408797
-1410313
-1407437
-1406563
-1406485
-1407289
-1405001
-1405919
-1406523
-1407027
-1407491
-1409197
-1408433
-1407981
-1406175
-1407031
-1404105
-1405587
-1407579
-1409967
-1408003
-1407639
-1409611
-1409509
-1409637
-1409155
-1406577
-1406183
-1407391
-1406659
-1407839
-1407151
-1409435
-1409323
-1411643
-1413175
-1413583
-1412965
-1414075
-1414243
-1415701
-1415303
-1416189
-1415993
-1414167
-1414181
-1412281
-1413347
-1413597
-1415715
-1414121
-1411801
-1411365
-1408881
-1407449
-1409695
-1408277
-1408241
-1409023
-1406223
-1407933
-1409539
-1408695
-1411697
-1411145
-1408383
-1407925
-1410171
-1410607
-1411891
-1412919
-1411455
-1412537
-1413219
-1411045
-1411593
-1414003
-1413185
-1415235
-1417361
-1418445
-1419115
-1418581
-1416079
-1418195
-1417977
-1416147
-1413093
-1408795
-1408919
-1410249
-1411579
-1414061
-1413117
-1412407
-1414283
-1415903
-1414417
-1412649
-1411557
-1411855
-1411207
-1411491
-1413939
-1412671
-1409907
-1406203
-1406207
-1404585
-1401329
-1402609
-1405247
-1407017
-1406421
-1405057
-1401559
-1400219
-1395725
-1393725
-1393325
-1396677
-1396089
-1395525
-1396271
-1394733
-1394865
-1397885
-1397991
-1397687
-1394739
-1396079
-1396891
-1398767
-1400175
-1400255
-1399001
-1397705
-1394363
-1392939
-1390577
-1390091
-1391213
-1392925
-1391293
-1390653
-1389643
-1387627
-1386883
-1386335
-1390069
-1390815
-1389117
-1387913
-1386721
-1389091
-1391213
-1389463
-1391695
-1392645
-1391175
-1392383
-1392813
-1393299
-1393383
-1395183
-1396297
-1397187
-1397795
-1399183
-1400807
-1403731
-1403743
-1404241
-1402647
-1404465
-1405303
-1404251
-1401737
-1402919
-1403583
-1404867
-1405281
-1403991
-1402369
-1402499
-1399937
-1400145
-1398935
-1400317
-1401697
-1400437
-1399149
-1400835
-1401249
-1402867
-1402579
-1405799
-1406115
-1405785
-1406357
-1406845
-1405081
-1404287
-1402983
-1402145
-1402663
-1404335
-1404795
-1404335
-1405681
-1406889
-1408347
-1409667
-1408825
-1408831
-1410967
-1408735
-1407255
-1404289
-1402159
-1398879
-1397435
-1398439
-1398137
-1398903
-1398887
-1399077
-1399203
-1400353
-1401251
-1399021
-1399923
-1399637
-1398547
-1400771
-1404633
-1403733
-1404737
-1406891
-1406321
-1405887
-1406023
-1408127
-1409787
-1412763
-1412205
-1413717
-1415229
-1412769
-1411975
-1407341
-1408079
-1408545
-1406771
-1404311
-1405267
-1403801
-1403365
-1402585
-1406281
-1401429
-1402121
-1402667
-1398581
-1398265
-1399027
-1398889
-1398897
-1397125
-1399169
-1399933
-1400873
-1400825
-1400029
-1403903
-1402693
-1403555
-1403113
-1403679
-1404035
-1403949
-1404189
-1407057
-1406911
-1406325
-1406467
-1407589
-1405209
-1403689
-1406553
-1406189
-1408325
-1407159
-1406439
-1410171
-1412619
-1413865
-1413391
-1413903
-1413963
-1414443
-1415683
-1416871
-1415403
-1416109
-1410985
-1411443
-1411827
-1413523
-1416281
-1413775
-1408719
-1406137
-1404041
-1406959
-1407961
-1410307
-1412889
-1414411
-1414791
-1412715
-1410777
-1410317
-1407563
-1405373
-1404351
-1404893
-1403483
-1402509
-1401261
-1403351
-1403981
-1402803
-1404429
-1406983
-1408121
-1407713
-1407595
-1408729
-1407845
-1405847
-1403227
-1403709
-1402663
-1405695
-1408025
-1408211
-1407559
-1406653
-1407175
-1405771
-1405289
-1404999
-1403359
-1400961
-1399473
-1397251
-1398803
-1400051
-1397267
-1400233
-1400869
-1402221
-1405035
-1407357
-1408993
-1408689
-1406707
-1406713
-1407993
-1406357
-1403899
-1402597
-1401881
-1401891
-1399715
-1401571
-1403237
-1402959
-1402305
-1401969
-1403687
-1404501
-1404901
-1403637
-1404489
-1405263
-1403895
-1407319
-1406585
-1407019
-1405527
-1405915
-1402683
-1401855
-1401279
-1402021
-1401437
-1400255
-1400729
-1399637
-1399015
-1399165
-1400311
-1400413
-1395579
-1391283
-1393147
-1389833
-1390769
-1386197
-1385015
-1381729
-1381579
-1383509
-1382061
-1382133
-1381705
-1380745
-1379653
-1376791
-1376907
-1375699
-1374881
-1371507
-1371759
-1373497
-1374663
-1373929
-1371465
-1373185
-1375195
-1377883
-1377483
-1377019
-1376717
-1378777
-1381807
-1382003
-1381033
-1380705
-1380701
-1380751
-1381509
-1380897
-1382783
-1382995
-1384569
-1384443
-1382341
-1378447
-1378729
-1377475
-1376239
-1376107
-1375925
-1377907
-1381449
-1380981
-1378605
-1378185
-1377975
-1378797
-1377551
-1377417
-1377409
-1375883
-1377413
-1376067
-1374841
-1374363
-1374717
-1376655
-1376683
-1376535
-1377849
-1379019
-1377879
-1377309
-1375805
-1377131
-1378239
-1378857
-1380097
-1379031
-1377509
-1377143
-1376139
-1376947
-1378619
-1379051
-1377397
-1375821
-1376669
-1376325
-1378813
-1379633
-1379013
-1380863
-1384813
-1387649
-1386781
-1388833
-1386571
-1387355
-1384341
-1383963
-1383485
-1383395
-1380525
-1380893
-1378627
-1378825
-1381933
-1384513
-1383967
-1382619
-1383199
-1383295
-1381879
-1380885
-1379049
-1379377
-1379255
-1377465
-1376323
-1376573
-1378585
-1377879
-1377897
-1377539
-1380091
-1381491
-1384111
-1388511
-1388543
-1390809
-1390985
-1391583
-1393731
-1392847
-1392855
-1392719
-1393333
-1392787
-1393171
-1392769
-1393037
-1391971
-1394005
-1396631
-1396299
-1395407
-1393297
-1394169
-1393159
-1394573
-1394731
-1396135
-1396869
-1396715
-1398183
-1399107
-1400463
-1399829
-1400099
-1399321
-1399835
-1399289
-1399347
-1401457
-1400667
-1401525
-1401741
-1402923
-1401443
-1401457
-1403931
-1403955
-1404565
-1404873
-1404337
-1403015
-1402493
-1402273
-1405377
-1404713
-1405413
-1405239
-1403015
-1402575
-1399139
-1397775
-1397219
-1393641
-1394805
-1394385
-1395283
-1391385
-1392457
-1389691
-1387161
-1386529
-1384351
-1384097
-1381105
-1381907
-1380055
-1382391
-1380537
-1379271
-1378665
-1381529
-1382409
-1383285
-1381625
-1380565
-1382005
-1385739
-1385813
-1383927
-1384545
-1384319
-1381633
-1383265
-1384495
-1383989
-1384095
-1383465
-1385053
-1385435
-1384715
-1385461
-1386411
-1385817
-1387423
-1388169
-1390795
-1391209
-1395175
-1396631
-1397171
-1398325
-1398485
-1397955
-1396211
-1397537
-1399901
-1402077
-1402533
-1404787
-1404763
-1404739
-1406573
-1409431
-1409605
-1409107
-1409775
-1410301
-1409993
-1410283
-1410283
-1411229
-1409561
-1410065
-1409659
-1411131
-1410705
-1412261
-1413663
-1414267
-1414727
-1416385
-1418219
-1417239
-1418141
-1416593
-1417057
-1420817
-1420641
-1417981
-1416375
-1417335
-1419261
-1416285
-1415883
-1414319
-1415437
-1416253
-1417073
-1415557
-1415471
-1415189
-1415093
-1412313
-1412805
-1412743
-1411979
-1410655
-1409851
-1410165
-1409895
-1407329
-1407157
-1408243
-1410705
-1412753
-1411719
-1411669
-1410585
-1409879
-1409847
-1409113
-1407985
-1408621
-1407871
-1405325
-1404631
-1407525
-1405685
-1408003
-1408639
-1409987
-1412195
-1410375
-1408623
-1408749
-1406447
-1408285
-1408983
-1408295
-1408779
-1408249
-1407573
-1404585
-1407091
-1409251
-1409685
-1409617
-1406691
-1405687
-1409029
-1407817
-1405393
-1405163
-1405347
-1406533
-1406637
-1404053
-1405041
-1402193
-1406319
-1408615
-1406847
-1407885
-1409741
-1407283
-1406549
-1404295
-1407919
-1408447
-1408265
-1407283
-1409489
-1406581
-1406473
-1405957
-1404041
-1404843
-1401135
-1399299
-1399839
-1401177
-1400785
-1402601
-1404631
-1406771
-1410097
-1411819
-1411545
-1409001
-1410817
-1410321
-1409295
-1410805
-1410157
-1410983
-1410271
-1410791
-1409321
-1406873
-1408211
-1411439
-1411879
-1412185
-1409343
-1411879
-1413879
-1413817
-1413459
-1414767
-1413639
-1410905
-1409299
-1406665
-1407241
-1407157
-1408787
-1408451
-1408801
-1407313
-1410231
-1409659
-1406935
-1405979
-1407761
-1411259
-1407477
-1404007
-1400965
-1398833
-1399747
-1397817
-1398585
-1398205
-1396053
-1395005
-1393207
-1395323
-1399975
-1399739
-1399941
-1399997
-1400045
-1399305
-1399619
-1398389
-1397337
-1396997
-1393961
-1391961
-1394513
-1397661
-1401165
-1400763
-1398939
-1397821
-1397339
-1399123
-1398005
-1398173
-1396743
-1398967
-1397411
-1395225
-1395235
-1396143
-1394811
-1394157
-1392511
-1389187
-1393349
-1392845
-1391121
-1393075
-1393001
-1393347
-1393417
-1394485
-1396699
-1397375
-1401029
-1402549
-1403987
-1405451
-1405639
-1407497
-1406383
-1403687
-1407317
-1403345
-1404235
-1406535
-1407565
-1405243
-1404761
-1403119
-1400753
-1399017
-1398367
-1394887
-1398161
-1398145
-1395737
-1394165
-1393107
-1389069
-1388155
-1387285
-1389271
-1387509
-1388525
-1387443
-1388311
-1391479
-1391083
-1389711
-1389117
-1388505
-1389011
-1388997
-1391365
-1393275
-1392347
-1391869
-1390193
-1391751
-1391811
-1391693
-1392873
-1392821
-1393723
-1395245
-1394551
-1393517
-1393315
-1394251
-1393637
-1392271
-1391769
-1392565
-1390643
-1393431
-1394169
-1395645
-1398219
-1398969
-1404063
-1407663
-1408597
-1408621
-1408571
-1408041
-1410443
-1414109
-1416657
-1415645
-1416203
-1415941
-1416393
-1417397
-1416749
-1419747
-1416455
-1412609
-1410729
-1409809
-1410971
-1411343
-1410805
-1409841
-1409773
-1409759
-1409323
-1410877
-1410407
-1415625
-1417403
-1417525
-1415779
-1414929
-1414015
-1415337
-1417207
-1418577
-1419937
-1417617
-1418231
-1416887
-1415669
-1416235
-1414371
-1415183
-1414923
-1415349
-1416029
-1415565
-1414023
-1412723
-1407341
-1407263
-1405195
-1403815
-1404063
-1405177
-1407153
-1406029
-1406425
-1407015
-1406297
-1407713
-1405841
-1405935
-1406775
-1405165
-1404839
-1402849
-1400875
-1397781
-1400271
-1400389
-1403185
-1404561
-1406151
-1407211
-1407343
-1408527
-1409297
-1408047
-1406801
-1406221
-1406509
-1405049
-1404701
-1405555
-1407337
-1409987
-1409433
-1407273
-1406563
-1406187
-1403421
-1402845
-1403173
-1400317
-1395993
-1395071
-1396821
-1397809
-1398651
-1398849
-1396175
-1398439
-1400297
-1400145
-1398759
-1398663
-1397233
-1398009
-1398573
-1399271
-1402277
-1402781
-1400649
-1397857
-1398947
-1401621
-1403731
-1403691
-1402585
-1401267
-1399721
-1401209
-1399467
-1398747
-1399243
-1398945
-1402615
-1402153
-1402479
-1404527
-1406261
-1406279
-1410137
-1406699
-1405489
-1402465
-1398251
-1397565
-1399651
-1399925
-1399379
-1402003
-1401515
-1402615
-1399995
-1397907
-1398217
-1397343
-1399105
-1397077
-1396735
-1396551
-1400509
-1398727
-1398943
-1398783
-1399151
-1398651
-1398205
-1395081
-1394193
-1395363
-1394331
-1397753
-1397431
-1398703
-1393939
-1393927
-1390619
-1392163
-1391879
-1390667
-1390919
-1393221
-1393407
-1390563
-1390699
-1389923
-1389093
-1388903
-1389081
-1390401
-1392209
-1392953
-1390897
-1389257
-1391053
-1391757
-1390791
-1391731
-1389949
-1385155
-1382651
-1382547
-1381945
-1381917
-1383053
-1384237
-1386399
-1386367
-1384389
-1384349
-1387039
-1388475
-1388641
-1389101
-1392809
-1391335
-1392141
-1392717
-1393775
-1394443
-1397673
-1399917
-1397723
-1399175
-1399925
-1400767
-1401781
-1400667
-1399841
-1399661
-1397857
-1397923
-1397463
-1399789
-1398167
-1397411
-1398839
-1397921
-1398701
-1401311
-1401743
-1404741
-1404181
-1405929
-1405283
-1405079
-1408191
-1408169
-1407135
-1404737
-1405335
-1406391
-1405373
-1404597
-1403027
-1400773
-1399561
-1398267
-1397783
-1397989
-1399695
-1396683
-1396101
-1393519
-1391039
-1388793
-1390437
-1389355
-1388767
-1386651
-1388797
-1391603
-1392429
-1392101
-1392783
-1389729
-1388115
-1385831
-1384359
-1381495
-1383981
-1384657
-1386999
-1388667
-1389287
-1390525
-1390985
-1391531
-1390295
-1390797
-1390259
-1386605
-1385797
-1384231
-1383361
-1382639
-1382657
-1382615
-1380947
-1378737
-1377781
-1377459
-1377917
-1377437
-1377837
-1378233
-1375329
-1376301
-1375491
-1373147
-1372039
-1370275
-1369033
-1367543
-1367757
-1368701
-1367339
-1365689
-1365673
-1370187
-1373199
-1370929
-1372247
-1369645
-1368857
-1368771
-1370439
-1371907
-1372495
-1371989
-1370843
-1366881
-1364207
-1361413
-1362673
-1365287
-1363849
-1363759
-1362555
-1361569
-1363467
-1363301
-1366177
-1367259
-1366889
-1366935
-1362699
-1361267
-1359615
-1360325
-1359869
-1361593
-1361209
-1361273
-1361919
-1361873
-1364073
-1365703
-1367629
-1368197
-1368037
-1367759
-1367825
-1370539
-1369637
-1370009
-1372689
-1372469
-1370467
-1368827
-1368421
-1367163
-1367015
-1367623
-1367285
-1367625
-1365683
-1367571
-1366519
-1365343
-1365969
-1364691
-1367039
-1369195
-1366871
-1366277
-1367155
-1369189
-1370775
-1373319
-1373573
-1375413
-1373253
-1375001
-1375439
-1377401
-1374231
-1371707
-1372147
-1372163
-1368333
-1370555
-1369791
-1371133
-1373231
-1374481
-1374225
-1370711
-1372039
-1372963
-1373381
-1375803
-1375171
-1375769
-1377979
-1381193
-1384227
-1382987
-1381665
-1381093
-1382601
-1382449
-1384311
-1381803
-1384439
-1383879
-1386621
-1389995
-1388723
-1388411
-1388209
-1388213
-1390607
-1392247
-1395885
-1396249
-1398411
-1398473
-1397291
-1397079
-1396497
-1397407
-1395429
-1393679
-1393935
-1395983
-1395545
-1396909
-1398397
-1399859
-1400071
-1399391
-1400189
-1398619
-1400949
-1401505
-1402253
-1402001
-1404703
-1403279
-1403471
-1402103
-1402757
-1401981
-1404093
-1403615
-1403253
-1400637
-1399551
-1397819
-1398557
-1395381
-1396899
-1397379
-1399715
-1398969
-1396329
-1397471
-1396703
-1395107
-1394615
-1398063
-1395621
-1396213
-1396147
-1393577
-1395089
-1395255
-1396129
-1395403
-1397255
-1397759
-1399695
-1399235
-1397079
-1396587
-1397265
-1398567
-1397507
-1396425
-1398873
-1397977
-1398079
-1401645
-1404769
-1404451
-1404551
-1401055
-1400513
-1400829
-1400273
-1399449
-1398463
-1397105
-1396325
-1393977
-1394591
-1394665
-1392793
-1395137
-1393677
-1392943
-1391443
-1393025
-1395327
-1395131
-1396229
-1394911
-1393061
-1392921
-1393591
-1394095
-1395429
-1395733
-1398181
-1395885
-1395595
-1395333
-1399361
-1399513
-1399381
-1397201
-1398719
-1398079
-1398645
-1396225
-1397677
-1397285
-1397653
-1399017
-1396541
-1397829
-1397403
-1397307
-1399379
-1399211
-1399213
-1399673
-1400473
-1402411
-1404059
-1404899
-1405207
-1406127
-1405067
-1402993
-1402061
-1399389
-1401217
-1400647
-1398269
-1398147
-1396951
-1396645
-1397293
-1396823
-1395335
-1395141
-1394597
-1391767
-1394287
-1394577
-1396825
-1396433
-1397869
-1397207
-1395403
-1395725
-1394935
-1397687
-1396447
-1395879
-1396679
-1400243
-1404283
-1406465
-1404891
-1401051
-1398119
-1398357
-1399017
-1400591
-1401317
-1402817
-1402451
-1400213
-1400665
-1402377
-1401103
-1399399
-1398945
-1397181
-1398885
-1400629
-1400945
-1399067
-1396791
-1394461
-1394213
-1394207
-1393977
-1394205
-1394743
-1395449
-1397161
-1398819
-1398781
-1399039
-1399375
-1398645
-1397851
-1400487
-1398869
-1394997
-1393095
-1390041
-1388741
-1388109
-1387611
-1389549
-1390945
-1389193
-1389155
-1389531
-1386773
-1385715
-1385619
-1384193
-1382771
-1382253
-1381481
-1378211
-1378369
-1377465
-1377633
-1378001
-1379987
-1379369
-1380749
-1382635
-1384713
-1381953
-1383527
-1382269
-1384011
-1384211
-1384231
-1384321
-1382587
-1381063
-1380055
-1379753
-1382213
-1385791
-1385845
-1385435
-1386383
-1385771
-1386607
-1387287
-1389013
-1387485
-1384541
-1385225
-1382999
-1382903
-1382903
-1381437
-1381629
-1382951
-1384589
-1388145
-1388097
-1390023
-1389787
-1391123
-1390257
-1391237
-1389169
-1389039
-1388059
-1388987
-1389515
-1389471
-1391377
-1388829
-1384817
-1386353
-1387483
-1389073
-1388003
-1388301
-1390109
-1387059
-1388491
-1389727
-1390027
-1390937
-1391381
-1392561
-1395303
-1396945
-1394645
-1395131
-1394249
-1395941
-1397791
-1397897
-1398785
-1400397
-1397591
-1399559
-1401691
-1405919
-1406007
-1404271
-1402733
-1403317
-1405047
-1408577
-1408853
-1409811
-1408369
-1409557
-1408197
-1405563
-1403521
-1399885
-1397071
-1397693
-1398757
-1399969
-1400011
-1399843
-1401555
-1402461
-1404461
-1405195
-1408445
-1407701
-1407711
-1407969
-1407121
-1407125
-1407897
-1408143
-1408195
-1408937
-1408837
-1407627
-1406237
-1406417
-1406507
-1408851
-1408605
-1408465
-1410535
-1412253
-1411605
-1413637
-1411713
-1414609
-1416585
-1416541
-1416501
-1415883
-1417049
-1417389
-1419059
-1421107
-1419847
-1420423
-1420073
-1418109
-1417453
-1416541
-1416035
-1414601
-1415755
-1417957
-1420209
-1420565
-1421309
-1421017
-1420923
-1419621
-1418007
-1420481
-1421169
-1421013
-1420919
-1421687
-1423777
-1422723
-1423145
-1423685
-1425411
-1423439
-1424065
-1425549
-1426381
-1427859
-1425485
-1424673
-1426799
-1427607
-1429285
-1429233
-1427921
-1425577
-1427209
-1424633
-1424077
-1424511
-1425103
-1423717
-1424763
-1423397
-1425529
-1426459
-1426603
