-18724
-18628
-18692
-18712
-18632
-18664
-18784
-18792
-18768
-18676
-18676
-18724
-18752
-18748
-18760
-18876
-18908
-18904
-18844
-18796
-18732
-18796
-18820
-18848
-18800
-18824
-18796
-18760
-18720
-18768
-18780
-18768
-18752
-18780
-18792
-18872
-18860
-18832
-18796
-18864
-18932
-18932
-18924
-18864
-18968
-18860
-18824
-18848
-18792
-18784
-18756
-18792
-18816
-18740
-18720
-18728
-18748
-18760
-18732
-18732
-18808
-18788
-18736
-18680
-18716
-18644
-18640
-18808
-18852
-18868
-18752
-18804
-18812
-18828
-18656
-18748
-18844
-18824
-18840
-18804
-18832
-18868
-18844
-18900
-18928
-18880
-18768
-18804
-18852
-18788
-18788
-18852
-18888
-18796
-18788
-18816
-18828
-18912
-18904
-18772
-18816
-18856
-18860
-18896
-18844
-18820
-18780
-18808
-18840
-18864
-18840
-18868
-18788
-18712
-18692
-18836
-18824
-18760
-18764
-18844
-18944
-18888
-18920
-18884
-18864
-18828
-18884
-18924
-18956
-18868
-18824
-18864
-18880
-18804
-18808
-18848
-18760
-18692
-18744
-18740
-18852
-18840
-18840
-18836
-18812
-18764
-18792
-18824
-18848
-18868
-18848
-18876
-18940
-18844
-18836
-18796
-18868
-18884
-18844
-18800
-18820
-18816
-18824
-18840
-18776
-18728
-18704
-18700
-18876
-18840
-18840
-18776
-18728
-18700
-18872
-18892
-18752
-18740
-18728
-18800
-18872
-18828
-18920
-18928
-18812
-18800
-18796
-18932
-18800
-18876
-18760
-18772
-18844
-18752
-18684
-18668
-18800
-18732
-18764
-18768
-18832
-18792
-18736
-18824
-18720
-18848
-18800
-18756
-18820
-18740
-18784
-18700
-18760
-18860
-18772
-18808
-18764
-18800
-18752
-18752
-18912
-18860
-18784
-18932
-18892
-18800
-18808
-18856
-18756
-18828
-18812
-18856
-18876
-18832
-18852
-18848
-18836
-18816
-18912
-18724
-18760
-18804
-18756
-18720
-18712
-18764
-18784
-18884
-18888
-18876
-18920
-18872
-18832
-18792
-18936
-18936
-18868
-18748
-18820
-18828
-18760
-18760
-18736
-18776
-18804
-18752
-18788
-18720
-18704
-18644
-18628
-18620
-18716
-18708
-18740
-18748
-18776
-18856
-18772
-18908
-18856
-18784
-18868
-18768
-18764
-18780
-18940
-18912
-18852
-18920
-18832
-18772
-18760
-18820
-18824
-18796
-18836
-18736
-18836
-18692
-18820
-18756
-18708
-18704
-18896
-18832
-18952
-18988
-18892
-18868
-18860
-18804
-18748
-18936
-18944
-18828
-18916
-18948
-18920
-18856
-18828
-18804
-18948
-18788
-18788
-18852
-18732
-18688
-18800
-18856
-18900
-18764
-18704
-18848
-18756
-18828
-18820
-18872
-18880
-18852
-18888
-18780
-18936
-18924
-18892
-18868
-18952
-18876
-18916
-18836
-18900
-18912
-18968
-18928
-18932
-18876
-18880
-18740
-18772
-18832
-18868
-18808
-18820
-18808
-18852
-18808
-18804
-18824
-18848
-18832
-18836
-18876
-18812
-18856
-18752
-18808
-18828
-18656
-18772
-18768
-18960
-18916
-18868
-18892
-18716
-18668
-18728
-18712
-18664
-18684
-18768
-18896
-18920
-18904
-18928
-18892
-18880
-18944
-18856
-18788
-18712
-18844
-18764
-18756
-18860
-18760
-18888
-18856
-18872
-18796
-18860
-18820
-18836
-18768
-18800
-18816
-18920
-18800
-18832
-18844
-18808
-18772
-18808
-18896
-18812
-18848
-18784
-18808
-18816
-18704
-18836
-18828
-18824
-18760
-18820
-18776
-18820
-18864
-18852
-18992
-18980
-18948
-18896
-18796
-18808
-18876
-18772
-18812
-18888
-18892
-18864
-18820
-18864
-18856
-18672
-18656
-18732
-18860
-18956
-18964
-19052
-18984
-18880
-18864
-18780
-18820
-18840
-18872
-18904
-18824
-18860
-18820
-18848
-18904
-18844
-18912
-18904
-18868
-18852
-18916
-18760
-18756
-18792
-18876
-18820
-18856
-19016
-18972
-18900
-18964
-18880
-18856
-18744
-18840
-18756
-18852
-18968
-18852
-18868
-18860
-18908
-18824
-18728
-18756
-18880
-18996
-18816
-18892
-18836
-18932
-18840
-18868
-18860
-18916
-18936
-18968
-18916
-18896
-18688
-18788
-18804
-18768
-18744
-18772
-18756
-18812
-18816
-18856
-18852
-18736
-18888
-18836
-18788
-18800
-18832
-18900
-18892
-18860
-18828
-18944
-18856
-18816
-18816
-18844
-18796
-18852
-18972
-18776
-18776
-18860
-18816
-18800
-18860
-18848
-18900
-18932
-18820
-18868
-18776
-18912
-18840
-18800
-18752
-18816
-18848
-18956
-18840
-18868
-18844
-18848
-18876
-18788
-18760
-18836
-18876
-18844
-18700
-18884
-18856
-18832
-18772
-18872
-18872
-18888
-18892
-18876
-18896
-18872
-18820
-18832
-18780
-18708
-18760
-18788
-18760
-18796
-18796
-18748
-18860
-18864
-18840
-18728
-18712
-18744
-18708
-18720
-18844
-18888
-18948
-18880
-18888
-18828
-18916
-18888
-18844
-18952
-18836
-18860
-18964
-18880
-18824
-18852
-18876
-18828
-18820
-18800
-18820
-18784
-18908
-18952
-18840
-18888
-19000
-18972
-18848
-18808
-18804
-18720
-18804
-18740
-18776
-18788
-18820
-18808
-18832
-18908
-18852
-18896
-18896
-18896
-18852
-18900
-18900
-18804
-18872
-18984
-18952
-19032
-19040
-18920
-18892
-18900
-18788
-18824
-18876
-18808
-18896
-18892
-18908
-18788
-18732
-18748
-18764
-18800
-18864
-18732
-18820
-18828
-18772
-18864
-18744
-18896
-18908
-18876
-18892
-18836
-18792
-18796
-18840
-18840
-18796
-18736
-18824
-18832
-18764
-18720
-18756
-18772
-18892
-18860
-18816
-18960
-18880
-18812
-18876
-18868
-18888
-18884
-18888
-18868
-18904
-18880
-18824
-18800
-18884
-18764
-18820
-18936
-18940
-18896
-18896
-18828
-18808
-18876
-18832
-18880
-18880
-18888
-18916
-18888
-18828
-18824
-18856
-18972
-18980
-18972
-18904
-18860
-18812
-18856
-18800
-18860
-18888
-18916
-18836
-18884
-18884
-18868
-18764
-18912
-18860
-18836
-18768
-18712
-18788
-18872
-18884
-18908
-18864
-18900
-18852
-18856
-18844
-18912
-18876
-18856
-18848
-18792
-18776
-18712
-18732
-18804
-18756
-18776
-18700
-18800
-18772
-18892
-18796
-18740
-18808
-18924
-18808
-18912
-19012
-18936
-18924
-18884
-18824
-18852
-18844
-18844
-18888
-18944
-18900
-18864
-18784
-18808
-18912
-18924
-18956
-18920
-18960
-18876
-18860
-18840
-18888
-18752
-18840
-18852
-18888
-18852
-18888
-18996
-19044
-18892
-18820
-18836
-18908
-18800
-18820
-18852
-18900
-18896
-19004
-18916
-18848
-18896
-18888
-18860
-18896
-18896
-18912
-19040
-18968
-18980
-18944
-18860
-18900
-18920
-18940
-18908
-18824
-18896
-18852
-18828
-18932
-18968
-18944
-18928
-18756
-18724
-18684
-18764
-18872
-18844
-18940
-18912
-18872
-18916
-18856
-18848
-18856
-18796
-18696
-18828
-18768
-18892
-18920
-18908
-18880
-18968
-18828
-18796
-18884
-18904
-18892
-18892
-18868
-18880
-18948
-18884
-18884
-18988
-18836
-18816
-18800
-18904
-18908
-18888
-18920
-18740
-18744
-18800
-18784
-18904
-18948
-18988
-18856
-18864
-18844
-18784
-18792
-18808
-18792
-18728
-18796
-18784
-18804
-18852
-18788
-18816
-18764
-18900
-18784
-18728
-18824
-18936
-18936
-18840
-18852
-18924
-18816
-18828
-18772
-18808
-18776
-18752
-18804
-18896
-18880
-18908
-18916
-18924
-18864
-18796
-18876
-18824
-18844
-18904
-18820
-18844
-18760
-18908
-18916
-18896
-18900
-18884
-18852
-18880
-18856
-18824
-18828
-18720
-18820
-18876
-18856
-18824
-18884
-18792
-18892
-18932
-18936
-18864
-18824
-18940
-18916
-18960
-18812
-18924
-18912
-18864
-18888
-18816
-18956
-19004
-18956
-18952
-19008
-18952
-18948
-18960
-18972
-19000
-18964
-18908
-18924
-18848
-18920
-18948
-18760
-18792
-18864
-18804
-18848
-18864
-18852
-18780
-18792
-18800
-18808
-18864
-18848
-18844
-18804
-18764
-18764
-18796
-18808
-18940
-19052
-18952
-19000
-19044
-18916
-18836
-18840
-18948
-18916
-18852
-18880
-18884
-18936
-18848
-18892
-18912
-18880
-18936
-18852
-18804
-18924
-18872
-18964
-18888
-18856
-18868
-18876
-18904
-18900
-18956
-18944
-18960
-18984
-18944
-19080
-18996
-19004
-18924
-19064
-18992
-18960
-18928
-18900
-18928
-18840
-18964
-18892
-18908
-18948
-18972
-18884
-18860
-18876
-18924
-18876
-18880
-18772
-18704
-18788
-18880
-18800
-18780
-18844
-18920
-18888
-18848
-18888
-18844
-18868
-18844
-18888
-18936
-18964
-18868
-18708
-18840
-18776
-18892
-18848
-18808
-19004
-18996
-18992
-18944
-18900
-18864
-18988
-18964
-19008
-18968
-18960
-18912
-18904
-18916
-18992
-18908
-18880
-18796
-18796
-18920
-18908
-18816
-18820
-18924
-18864
-18856
-18904
-19012
-19028
-18960
-18996
-18992
-18968
-18992
-18952
-18940
-18924
-18904
-18960
-18968
-18992
-18896
-18860
-18808
-18784
-18832
-18844
-18808
-18944
-18852
-18868
-18984
-19008
-18916
-18888
-18936
-19008
-18968
-19008
-18956
-18872
-18944
-18888
-18848
-18852
-18868
-18948
-18944
-19080
-18956
-18916
-18884
-18904
-18812
-18792
-18788
-18892
-18880
-18900
-18932
-18968
-18928
-18996
-19028
-18960
-18956
-18876
-18932
-18940
-18884
-18760
-18840
-18868
-18936
-18900
-18916
-18812
-18724
-18768
-18868
-18852
-18780
-18756
-18828
-18896
-18864
-18920
-19012
-19052
-18960
-19020
-18956
-18820
-18912
-18904
-18892
-18992
-18940
-18932
-18832
-18792
-18840
-18888
-18784
-18792
-18900
-18792
-18732
-18808
-18812
-18944
-18892
-18784
-18848
-18780
-18740
-18920
-18964
-18908
-18780
-18812
-18816
-18972
-18968
-18960
-18832
-18872
-18956
-18956
-18772
-18760
-18852
-18840
-18836
-18840
-18712
-18728
-18752
-18688
-18744
-18784
-18884
-18876
-18752
-18652
-18800
-18808
-18776
-18792
-18856
-18808
-18860
-18924
-18904
-18848
-18824
-18836
-18972
-18920
-18916
-18892
-18948
-18868
-18828
-18844
-18820
-18864
-18880
-18868
-18964
-18984
-18980
-18936
-18872
-18696
-18772
-18752
-18788
-18636
-18752
-18776
-18792
-18808
-18788
-18836
-18892
-18824
-18876
-18768
-18800
-18920
-18740
-18760
-18720
-18772
-18852
-18932
-18804
-18848
-18884
-18832
-18804
-18888
-18812
-18920
-18940
-18944
-18884
-18960
-19008
-18952
-18872
-18872
-18876
-18820
-18908
-18824
-18876
-18836
-18836
-18896
-18872
-18868
-18868
-18856
-18880
-18872
-18836
-18800
-18716
-18776
-18616
-18688
-18808
-18864
-18892
-18824
-18684
-18844
-18812
-18772
-18860
-18768
-18752
-18820
-18788
-18760
-18964
-18972
-18984
-18908
-18896
-18916
-18784
-18676
-18800
-18688
-18820
-18852
-18860
-18888
-18856
-18912
-18924
-18924
-18836
-18896
-18780
-18816
-18780
-18828
-18872
-18824
-18792
-18932
-18848
-18780
-18808
-18844
-18888
-18856
-18788
-18788
-18876
-18932
-18948
-18896
-18900
-18988
-18800
-18880
-18796
-18956
-18880
-18896
-18872
-18936
-19016
-18912
-18952
-19008
-18920
-18924
-19000
-18960
-18924
-18984
-18900
-18764
-18900
-18892
-18988
-19012
-18936
-18924
-18872
-18852
-18860
-18876
-18940
-18940
-18964
-18940
-18900
-18904
-18948
-18892
-18932
-18956
-18936
-18888
-18840
-18788
-18788
-18884
-18844
-18904
-18900
-18968
-18944
-18968
-18948
-19016
-18992
-18928
-18804
-18972
-18924
-18928
-18948
-18968
-18892
-18960
-18968
-18884
-18808
-18772
-18836
-18680
-18748
-18828
-18872
-18860
-18884
-18956
-18948
-18992
-18860
-18816
-18852
-18912
-18864
-18836
-18848
-18872
-18780
-18876
-18796
-18832
-18796
-18832
-19020
-18968
-18964
-18928
-18884
-18876
-18888
-18800
-18808
-18860
-18792
-18820
-18908
-19004
-18916
-18940
-18864
-18816
-18820
-18708
-18748
-18776
-18784
-18904
-18872
-18968
-18868
-18884
-18840
-18856
-18868
-18808
-18800
-18988
-18980
-18924
-18844
-18948
-18816
-18908
-18848
-18784
-18884
-18868
-18884
-18788
-18756
-18844
-18856
-18844
-18940
-18884
-18900
-18936
-18916
-18856
-18960
-18928
-19020
-18952
-18892
-18924
-18916
-18940
-18956
-18856
-18900
-18908
-18832
-18900
-18808
-18740
-18764
-18856
-18860
-18840
-18892
-18944
-18812
-18876
-18876
-18796
-18760
-18848
-18872
-18864
-18916
-18884
-18956
-18916
-18868
-18864
-18824
-18856
-18864
-19012
-18920
-18848
-18988
-18912
-18852
-18840
-18856
-18836
-18800
-18796
-18716
-18648
-18832
-18752
-18888
-18884
-18808
-18840
-18788
-18824
-18996
-18928
-18804
-18836
-18812
-18828
-18856
-18840
-18844
-18896
-18880
-18884
-18924
-18908
-18872
-18896
-18940
-18932
-18892
-18820
-18860
-18816
-18764
-18928
-18924
-18880
-18968
-18780
-18832
-18804
-18836
-18940
-18912
-18900
-18896
-18908
-18876
-18928
-18916
-18964
-18956
-18912
-18948
-18940
-18844
-18856
-18880
-19016
-18968
-18912
-18796
-18872
-18900
-18936
-18824
-18912
-18940
-18880
-18860
-18832
-18872
-18872
-18888
-18940
-18876
-18800
-18780
-18796
-18892
-18908
-18880
-18996
-19004
-18924
-18944
-18848
-18824
-18816
-18812
-18800
-18784
-18812
-18888
-18876
-18832
-18724
-18864
-18860
-18880
-18896
-18816
-18764
-18856
-18784
-18848
-18872
-18824
-18864
-18924
-18952
-19008
-18968
-18880
-18944
-18836
-18944
-19032
-19012
-19032
-18912
-18916
-18912
-19028
-18948
-19000
-19016
-18908
-18808
-18816
-18816
-18812
-18764
-18820
-18916
-18920
-18868
-18776
-18864
-18876
-18816
-18860
-18944
-18948
-18948
-18980
-18868
-18896
-18824
-18800
-18880
-18844
-18820
-18828
-18828
-18888
-18836
-18908
-18896
-18820
-18812
-18816
-18780
-18840
-18856
-18864
-18936
-18916
-18852
-18944
-18924
-18860
-18972
-18880
-18812
-18796
-18792
-18836
-18796
-18884
-18852
-18852
-18936
-18944
-18996
-19016
-18856
-18800
-18904
-18816
-18776
-18780
-18732
-18756
-18736
-18728
-18856
-18932
-18832
-18892
-18896
-18776
-18932
-18924
-18936
-18916
-18820
-18928
-18848
-18848
-18948
-18876
-18932
-18948
-19020
-18920
-18924
-18996
-18956
-18844
-18856
-18764
-18776
-18780
-18820
-18780
-18888
-18836
-18876
-18812
-18856
-18796
-18808
-18904
-18900
-18804
-18772
-18840
-18824
-18784
-18764
-18884
-18988
-18884
-18848
-18832
-18860
-18860
-18888
-18912
-18948
-18912
-18840
-18956
-18920
-18888
-18880
-18908
-18892
-18884
-18908
-18944
-18916
-18936
-18936
-18772
-18856
-18888
-18892
-18916
-18904
-18716
-18644
-18812
-18844
-18804
-18676
-18784
-18728
-18796
-18792
-18908
-18824
-18712
-18796
-18752
-18740
-18848
-18760
-18908
-18800
-18900
-18916
-18928
-18884
-18760
-18780
-18808
-18848
-18968
-18944
-18900
-18860
-18872
-18980
-18912
-18940
-18920
-18888
-18796
-18840
-18824
-18748
-18792
-18780
-18820
-18836
-18812
-18940
-18984
-18888
-18896
-18812
-18800
-18836
-18740
-18920
-18816
-18900
-18940
-18928
-18928
-18704
-18796
-18860
-18960
-18872
-18908
-18984
-18936
-18892
-18812
-18868
-18944
-18920
-18864
-18864
-18920
-18884
-18744
-18652
-18752
-18792
-18864
-18828
-18764
-18740
-18888
-18908
-18924
-18956
-18908
-18916
-18896
-18928
-18916
-18788
-18884
-18940
-18964
-18976
-18864
-18816
-18792
-18840
-18828
-18812
-18844
-18964
-18880
-18904
-18896
-18920
-19000
-18956
-18920
-18976
-18920
-18880
-18804
-18840
-18828
-18844
-18872
-18932
-18908
-18856
-18812
-18844
-18776
-18880
-18860
-18816
-18868
-18972
-18900
-18864
-18888
-18892
-18920
-18800
-18796
-18904
-18856
-18792
-18776
-18836
-18860
-18808
-18840
-18812
-18980
-18880
-18844
-18880
-18856
-18912
-18888
-18844
-18756
-18700
-18828
-18824
-18896
-18920
-18920
-18904
-18916
-18808
-18832
-18952
-18980
-18952
-18940
-18980
-19016
-18908
-18880
-18864
-18836
-18928
-18916
-18928
-19000
-18932
-18808
-18816
-18780
-18860
-18940
-18968
-18960
-18872
-18872
-18844
-18756
-18760
-18928
-18956
-18860
-18944
-18904
-18916
-18920
-18820
-18824
-18996
-18956
-18748
-18828
-18864
-18944
-18816
-18868
-18840
-18904
-18840
-18656
-18720
-18968
-19004
-18960
-19008
-18948
-18932
-18900
-18792
-18788
-18848
-18960
-18980
-18836
-18860
-18876
-18788
-18812
-18884
-18908
-18944
-18924
-18836
-18964
-18860
-18848
-18872
-18948
-18988
-18888
-18840
-18900
-18924
-18916
-18920
-18952
-18884
-18916
-18856
-19004
-18924
-18932
-18988
-18904
-19000
-19028
-19048
-19008
-18980
-18904
-18960
-18908
-18888
-18856
-18908
-18848
-18944
-18952
-19012
-19020
-18920
-18920
-18968
-18956
-18916
-18948
-18764
-18796
-18780
-18924
-18840
-18796
-18928
-18896
-18856
-18840
-18828
-18856
-18928
-18924
-19020
-18920
-18988
-19048
-18896
-18976
-18992
-18996
-18860
-18892
-18912
-18904
-18820
-18956
-18964
-19084
-18948
-18988
-19020
-18968
-19004
-18864
-18884
-18968
-18888
-18896
-18932
-19020
-18888
-18928
-18956
-18948
-18860
-18936
-18832
-18824
-18836
-18752
-18904
-18896
-18908
-18988
-18840
-18836
-18828
-18952
-18868
-18884
-18828
-18844
-18888
-18880
-18912
-19028
-19000
-18964
-18812
-18920
-18860
-18836
-18892
-18808
-18708
-18900
-18948
-18968
-18940
-18876
-18828
-18936
-18920
-18960
-18964
-18968
-18908
-18900
-18908
-18920
-18940
-18948
-18900
-18960
-18876
-18896
-18988
-18880
-18872
-18828
-18824
-18820
-18860
-18804
-18764
-18804
-18804
-18860
-18892
-18736
-18744
-18832
-18916
-18804
-18816
-18908
-18852
-18880
-18864
-18820
-18784
-18880
-18892
-18804
-18900
-18916
-18876
-18872
-18864
-18912
-18888
-18892
-18888
-18940
-18876
-18860
-18920
-19012
-18940
-18964
-18932
-18876
-18816
-18764
-18920
-18884
-18940
-18996
-18952
-18892
-18896
-18928
-19004
-19032
-18848
-18900
-18820
-18888
-18972
-18940
-18952
-18924
-18944
-18960
-19000
-18872
-18904
-18904
-18824
-18808
-18872
-18956
-19012
-18928
-19004
-18884
-18820
-18864
-18924
-18832
-18800
-18932
-19004
-18928
-18936
-18992
-18908
-18900
-18956
-18924
-18924
-18932
-18900
-18916
-18868
-18884
-18992
-19044
-18940
-18840
-19004
-18896
-18832
-19000
-18892
-18812
-18848
-18820
-18900
-18884
-18920
-18940
-19036
-19068
-18976
-19012
-18944
-18944
-18976
-18880
-18860
-18876
-18816
-18936
-18932
-18920
-18904
-18904
-18940
-18928
-18792
-18916
-18916
-18840
-18988
-18908
-18924
-18964
-18996
-19000
-19020
-18948
-19000
-18976
-19008
-19000
-18872
-18852
-18864
-18868
-18832
-18892
-18972
-19032
-18968
-18944
-18928
-18936
-18972
-18916
-18984
-18892
-18984
-18976
-18860
-18908
-18884
-18936
-18944
-18928
-18920
-19064
-18980
-18972
-18968
-18916
-18828
-18852
-18904
-18940
-18960
-18968
-18940
-19040
-18924
-18996
-18896
-19048
-19000
-18952
-19036
-19084
-19016
-18936
-18928
-19020
-18956
-19028
-18896
-18980
-18972
-18960
-18828
-18896
-18980
-18980
-19052
-19044
-18956
-18876
-18960
-18904
-18916
-18824
-18832
-18848
-18844
-18892
-18888
-19012
-18972
-18916
-18880
-19016
-18908
-18924
-18948
-18964
-18872
-18836
-19016
-18916
-18964
-18976
-18976
-19040
-19032
-18972
-18944
-18940
-19000
-19004
-18944
-18980
-18868
-18936
-18872
-18932
-18856
-18880
-18932
-18968
-18884
-18828
-18888
-18884
-19028
-18856
-18872
-18896
-18844
-18856
-18964
-18952
-18936
-18924
-18996
-18996
-18956
-19020
-18976
-18968
-18956
-18940
-18868
-18896
-18968
-19040
-19020
-18864
-18908
-18924
-18936
-18844
-18988
-18848
-18892
-18896
-18904
-18872
-18860
-18768
-18820
-18900
-18836
-18768
-18816
-18856
-18924
-18860
-18888
-18824
-18772
-18780
-18768
-18932
-18944
-18912
-18944
-18960
-18928
-18912
-18908
-18904
-18868
-18892
-18884
-18960
-18920
-18848
-18876
-18900
-18940
-19056
-19080
-19084
-19052
-18980
-19000
-19000
-19000
-19028
-19044
-19000
-18960
-18896
-18912
-18940
-18920
-18872
-18976
-18876
-18884
-18924
-18956
-18888
-18780
-18844
-18892
-18896
-18984
-18992
-18860
-18860
-18844
-18716
-18852
-18856
-18768
-18764
-18872
-18936
-19012
-18940
-18952
-18868
-18844
-18868
-18888
-18884
-18816
-18952
-18888
-19016
-18884
-18920
-18900
-18892
-18916
-18880
-18912
-18944
-18904
-18952
-18840
-18840
-18820
-18816
-18860
-18876
-18776
-18836
-18820
-18824
-18892
-18924
-18988
-18920
-18908
-18900
-18904
-18884
-18912
-18936
-18872
-18936
-18832
-18880
-18788
-18832
-18764
-18796
-18848
-18852
-18876
-18920
-18884
-18880
-18992
-18984
-18896
-18840
-18932
-18940
-18964
-18940
-18920
-18912
-18712
-18744
-18752
-18868
-18828
-18892
-18916
-18944
-18984
-18916
-18824
-18896
-18960
-18880
-18952
-18884
-18920
-18904
-18908
-18864
-18844
-18972
-18940
-18904
-18836
-18872
-18832
-18908
-18856
-18856
-18828
-18888
-18972
-18872
-18912
-18876
-19068
-18940
-18904
-18892
-18992
-18916
-18908
-18900
-19000
-18920
-18960
-18896
-18752
-18828
-18824
-18932
-18900
-18948
-18888
-18792
-18948
-18936
-18904
-18952
-18864
-18940
-18856
-18832
-18844
-18788
-18880
-18872
-18892
-18960
-18948
-18988
-18904
-18832
-18784
-18824
-18912
-18840
-18840
-18860
-18868
-18800
-18952
-18932
-18880
-18848
-18892
-18884
-18708
-18948
-18884
-18808
-18840
-18972
-18940
-18932
-18868
-18868
-18812
-18868
-18896
-18900
-18992
-18952
-18916
-19004
-18988
-19000
-18944
-18904
-18920
-18816
-18972
-18976
-18984
-18908
-18968
-18920
-18860
-18820
-18928
-18984
-19008
-18964
-18904
-18880
-18832
-18780
-18808
-18824
-18820
-18772
-18812
-18852
-18836
-18848
-18868
-18844
-18804
-18968
-18924
-18860
-18788
-18884
-18848
-18700
-18768
-18836
-18732
-18780
-18760
-18776
-18808
-18800
-18848
-18896
-18904
-18972
-18880
-18876
-18880
-18860
-18804
-18784
-18948
-18916
-18880
-18972
-18996
-18856
-18920
-18888
-18924
-18880
-18908
-18888
-18880
-18852
-18932
-18908
-18824
-18832
-18904
-18888
-18920
-18948
-18952
-18992
-18908
-18776
-18796
-18952
-18840
-18760
-18880
-18880
-18824
-18852
-18876
-18860
-18976
-18904
-18928
-18884
-18900
-18988
-18900
-18864
-18936
-18928
-18888
-18808
-18656
-18704
-18780
-18932
-18964
-18956
-18936
-18936
-18920
-18932
-18832
-18996
-18952
-18932
-18916
-18824
-18880
-18852
-18872
-18820
-18880
-18940
-18744
-18808
-18848
-18908
-18964
-18924
-18904
-18984
-18916
-18972
-18888
-18932
-18880
-18908
-18848
-18916
-18864
-18864
-18856
-18908
-18856
-18824
-18920
-18856
-18904
-18932
-18888
-18936
-18896
-18888
-18920
-18972
-19040
-18964
-19012
-18936
-18956
-18940
-18948
-18976
-18900
-18916
-18780
-18732
-18808
-18872
-18880
-18748
-18788
-18924
-18932
-18848
-18892
-18864
-18924
-18984
-18952
-18896
-18928
-18852
-18892
-18804
-18948
-18900
-18856
-18856
-18828
-18776
-18736
-18832
-18840
-18820
-18828
-18808
-18800
-18796
-18808
-18824
-18916
-18788
-18852
-18956
-18916
-18876
-18980
-18888
-18916
-19044
-18964
-18988
-18960
-18904
-18948
-18896
-18984
-19036
-18968
-18856
-18812
-18852
-18784
-18788
-18892
-18928
-18976
-18864
-18868
-18884
-18948
-18900
-18872
-18996
-18960
-18960
-19116
-19020
-18996
-19004
-18904
-18860
-18796
-18876
-18904
-18824
-18904
-18884
-18856
-18940
-19016
-18968
-19012
-18972
-18912
-18976
-19048
-19004
-18868
-18884
-18848
-18880
-18872
-18896
-18912
-18908
-18944
-19016
-18940
-18968
-18860
-18884
-18808
-18820
-18932
-19052
-18920
-18956
-18984
-18924
-18908
-18932
-18956
-18904
-18904
-18956
-18932
-18836
-18988
-18892
-18828
-18904
-18956
-18816
-18876
-18932
-18856
-18912
-18912
-18932
-18900
-18820
-18840
-18920
-18948
-18832
-18832
-18868
-18852
-18952
-18972
-18936
-18920
-18844
-18892
-18956
-18984
-18956
-18904
-18896
-18888
-18912
-18976
-18868
-18868
-18780
-18720
-18804
-18844
-18888
-18936
-19016
-18912
-18888
-18812
-18900
-18964
-18932
-19016
-18920
-18868
-18940
-18916
-18960
-18872
-18816
-18728
-18824
-18896
-18940
-18780
-18860
-18840
-18904
-18792
-18784
-18844
-18828
-18888
-18924
-18992
-19000
-18912
-18940
-18912
-18844
-18716
-18744
-18756
-18852
-18752
-18772
-18764
-18868
-18892
-18876
-18876
-19012
-18964
-18824
-18808
-18756
-18816
-18752
-18868
-18888
-18888
-18908
-18904
-18812
-18820
-18844
-18924
-18896
-18872
-19000
-19036
-18956
-18920
-18868
-18936
-19012
-19008
-18988
-18976
-18920
-19016
-18976
-18956
-19024
-19020
-18980
-18944
-18984
-18836
-18796
-18768
-18872
-18864
-18860
-18796
-18816
-18820
-18888
-18812
-18876
-18860
-18868
-18868
-18816
-18876
-18812
-18840
-18760
-18908
-19008
-18964
-18936
-18936
-18892
-18876
-19000
-18956
-18996
-18880
-18892
-18936
-18876
-18952
-18980
-18872
-18976
-18936
-18832
-18956
-18904
-18848
-18960
-18948
-18916
-18936
-18956
-18948
-18968
-18940
-18856
-18872
-18912
-18920
-18976
-18920
-18988
-19068
-19024
-18852
-18808
-18840
-18904
-18992
-18820
-18848
-18924
-18956
-19024
-18972
-18888
-18800
-18828
-18884
-18864
-18896
-18760
-18776
-18852
-18844
-18932
-18932
-18868
-18840
-18972
-18896
-18960
-18840
-18868
-18872
-18704
-18772
-18868
-18976
-18948
-18980
-18912
-18984
-18920
-18784
-18808
-18796
-18888
-18920
-18884
-18940
-19016
-18944
-18844
-18872
-18880
-18928
-18936
-18984
-18896
-18864
-18920
-19028
-18916
-18812
-18848
-18856
-18848
-18844
-18836
-18888
-18744
-18876
-18904
-18852
-18840
-18720
-18848
-18872
-18808
-18828
-18876
-19008
-19028
-18996
-18948
-18972
-19004
-18900
-18908
-18984
-18924
-18952
-18956
-18868
-18932
-18904
-18976
-18928
-18780
-18736
-18796
-18840
-18844
-18932
-18884
-18804
-18876
-18912
-18884
-18948
-18928
-18952
-19000
-18936
-18972
-18952
-18956
-19020
-18872
-18892
-18904
-18976
-18956
-18892
-18888
-18864
-18852
-18924
-18896
-18940
-18952
-19016
-18972
-18908
-19024
-19076
-18968
-18884
-18928
-19012
-18932
-18896
-19000
-18996
-18948
-18852
-18948
-18900
-18844
-18860
-18744
-18824
-18708
-18780
-18720
-18916
-18876
-18916
-18932
-18916
-18956
-18944
-18956
-18904
-18984
-18928
-18952
-18916
-18840
-18932
-18928
-18836
-18808
-18912
-18864
-18836
-18888
-18816
-18876
-18900
-18916
-18956
-18928
-18860
-18820
-18796
-18928
-18888
-18872
-18752
-18872
-18852
-18868
-18824
-18924
-18880
-18800
-18808
-18812
-18672
-18716
-18816
-18836
-18824
-18884
-19028
-19008
-19052
-18964
-18868
-18848
-18800
-18848
-18960
-18968
-18980
-18884
-18904
-18892
-18924
-18836
-18756
-18856
-18896
-18880
-18948
-18860
-18868
-18848
-18824
-18812
-18696
-18780
-18852
-18932
-18956
-18948
-18820
-18888
-18900
-18944
-18884
-18924
-18852
-18832
-18828
-18804
-18928
-18908
-18888
-18900
-18924
-18956
-18936
-18848
-18924
-18900
-18956
-18864
-18860
-18964
-19048
-18920
-18952
-18900
-18972
-18916
-18836
-18832
-18860
-18856
-18916
-18744
-18752
-18888
-18932
-18848
-18888
-18992
-18984
-18896
-18936
-18844
-18912
-18888
-18920
-18980
-18996
-18980
-18908
-18956
-18996
-18976
-19020
-18904
-18952
-19008
-18900
-18908
-18824
-18900
-18932
-18956
-18844
-18832
-18820
-18836
-18812
-18844
-18928
-18936
-18928
-18848
-18912
-18928
-18948
-18888
-18864
-18884
-18840
-18912
-18864
-18888
-18908
-18948
-18912
-18836
-18860
-18996
-19004
-18968
-18900
-18864
-18948
-18936
-19000
-18868
-19016
-18856
-18932
-18860
-18876
-18916
-18860
-18856
-18884
-18848
-18804
-18872
-19020
-18980
-18984
-19000
-18924
-18888
-18916
-18908
-18812
-18820
-18820
-18848
-18844
-18860
-18880
-18852
-18872
-18868
-18924
-18836
-18896
-18784
-18896
-18984
-18856
-18900
-18900
-18912
-18988
-18968
-18844
-18740
-18836
-18732
-18860
-18932
-18952
-18960
-18868
-18736
-18792
-18892
-18956
-18880
-18876
-18944
-18952
-18952
-18988
-18996
-18984
-18872
-18856
-18860
-18912
-18920
-18880
-18984
-18992
-18952
-19004
-18916
-18844
-18804
-18780
-18860
-18864
-18880
-18804
-18824
-18784
-18828
-18808
-18928
-18976
-18948
-18904
-18828
-18936
-18976
-18884
-18848
-18856
-18744
-18852
-18852
-18868
-18856
-18904
-18724
-18652
-18812
-18804
-18756
-18788
-18832
-18840
-18852
-18832
-18784
-18764
-18964
-18960
-18872
-18960
-18856
-18872
-18924
-18904
-18964
-18948
-18912
-18976
-18816
-18828
-18904
-18912
-18832
-18848
-18820
-18908
-18960
-19008
-18896
-19008
-18972
-18956
-19012
-18976
-18972
-18928
-18876
-18788
-18848
-18800
-18892
-18848
-18952
-18884
-18868
-18872
-18888
-18944
-19020
-18924
-18860
-19068
-18992
-18880
-19020
-18984
-18920
-18968
-19020
-18992
-18988
-18968
-18880
-18824
-18768
-18776
-18836
-18776
-18880
-18988
-18976
-18824
-18724
-18820
-18932
-18956
-18936
-18968
-18948
-18892
-18808
-18708
-18668
-18704
-18860
-18908
-18940
-18948
-18888
-18968
-18960
-18884
-18952
-18920
-18908
-18924
-18868
-18880
-18812
-18864
-18796
-18924
-18924
-18804
-18776
-18756
-18796
-18932
-18952
-19008
-18900
-18784
-18860
-18956
-18904
-18952
-18852
-18956
-18912
-18940
-18856
-18884
-18956
-18952
-18792
-18780
-18732
-18816
-18768
-18708
-18864
-18852
-18960
-18920
-18960
-19004
-18948
-18768
-18784
-18724
-18800
-18872
-18888
-18924
-18896
-18956
-18856
-18840
-18948
-19008
-18868
-18776
-18752
-18952
-19024
-18976
-18936
-18676
-18888
-18856
-18812
-18864
-18948
-18892
-18856
-18872
-18852
-18908
-18908
-18976
-18904
-18972
-18900
-18876
-19072
-18928
-18892
-18856
-18916
-18848
-18780
-18816
-18972
-18876
-18804
-18792
-18944
-19000
-18964
-18944
-18904
-18900
-18892
-18964
-18972
-19012
-19016
-18956
-18972
-18948
-18908
-18956
-18832
-18876
-18820
-18804
-18796
-18768
-18844
-18900
-18832
-18896
-19004
-19000
-19100
-18956
-18852
-18840
-18832
-18860
-18860
-18816
-18800
-18764
-18876
-18796
-18912
-18868
-18852
-18812
-18860
-18832
-18884
-18920
-18916
-18980
-18940
-18896
-18980
-18912
-18948
-19004
-18996
-18844
-18896
-18920
-19008
-18932
-18860
-18876
-18972
-18868
-19016
-19036
-19008
-18968
-18872
-18892
-19020
-18964
-18936
-18900
-18936
-18920
-19000
-19004
-18940
-18836
-18760
-18812
-18896
-18940
-18892
-18936
-19024
-19012
-18988
-18996
-18932
-19036
-18936
-18912
-18836
-18828
-18880
-18864
-18796
-18824
-18960
-19020
-18968
-18940
-18884
