-13984
-13788
-14052
-13940
-13956
-13980
-13984
-13908
-13760
-13796
-13732
-14028
-13840
-13824
-13944
-13872
-13988
-14140
-14092
-13988
-13920
-14132
-14056
-14004
-14160
-14092
-13820
-13748
-13488
-13532
-13496
-13504
-13532
-13296
-13580
-13676
-13708
-13692
-13664
-13692
-13996
-13940
-14004
-14008
-13836
-13700
-13744
-13728
-13856
-13688
-13716
-13960
-14072
-13712
-13692
-13708
-13712
-13828
-13704
-13560
-13704
-13712
-13660
-13396
-13408
-13396
-13296
-13364
-13316
-13360
-13568
-13552
-13572
-13600
-13276
-13296
-13344
-13280
-13460
-13372
-13444
-13276
-13212
-13292
-13244
-13316
-13396
-13396
-13464
-13524
-13384
-13512
-13360
-13180
-13008
-12932
-13148
-13052
-13164
-12980
-13236
-13008
-13056
-13172
-13168
-13272
-13388
-13244
-13348
-13232
-13320
-13320
-13396
-13484
-13300
-13340
-13376
-13360
-13416
-13280
-13328
-13020
-13092
-13220
-13096
-13180
-13456
-13404
-13596
-13560
-13484
-13516
-13800
-13592
-13436
-13416
-13288
-13496
-13456
-13208
-13136
-13300
-13536
-13604
-13552
-13440
-13432
-13608
-13540
-13760
-13616
-13508
-13412
-13512
-13516
-13588
-13676
-13716
-13884
-13832
-13500
-13484
-13292
-13388
-13400
-13340
-13240
-13208
-13572
-13660
-13568
-13516
-13468
-13544
-13516
-13432
-13516
-13496
-13580
-13680
-13824
-13828
-13612
-13504
-13420
-13312
-13052
-13064
-13396
-13488
-13408
-13160
-13044
-13196
-13080
-13364
-13456
-13616
-13848
-13648
-13524
-13512
-13504
-13568
-13576
-13492
-13644
-13428
-13200
-13392
-13392
-13508
-13588
-13844
-13820
-13628
-13756
-13692
-13404
-13552
-13628
-13412
-13580
-13620
-13692
-13760
-13932
-13900
-13980
-14108
-14100
-13824
-13856
-13892
-13772
-13796
-13656
-13768
-13676
-13672
-13620
-13904
-13712
-13884
-13748
-13648
-13584
-13516
-13476
-13752
-13528
-13692
-14140
-13792
-13636
-13580
-13564
-13688
-13532
-13720
-13544
-13548
-13596
-13700
-13484
-13596
-13548
-13328
-13296
-13464
-13536
-13444
-13204
-13192
-13452
-13276
-13128
-13020
-13348
-13312
-13280
-13388
-13624
-13516
-13628
-13580
-13368
-13424
-13512
-13568
-13444
-13644
-13800
-13736
-13536
-13496
-13584
-13720
-13740
-13752
-13784
-13836
-13768
-13864
-13780
-13884
-13792
-13556
-13460
-13688
-13708
-13708
-13364
-13548
-13764
-14000
-13852
-13884
-14008
-14372
-14132
-13976
-13880
-13864
-13872
-14072
-13852
-14112
-13804
-14012
-14108
-13952
-13716
-13980
-13772
-14164
-14328
-14088
-14056
-13888
-13748
-13468
-13668
-13636
-13520
-13648
-13648
-13984
-13720
-13560
-13800
-13900
-13900
-13688
-13564
-13512
-13508
-13436
-13320
-13228
-13612
-13584
-13536
-13668
-13876
-13904
-13684
-13496
-13804
-13840
-13788
-13812
-13852
-13824
-13560
-13600
-13760
-13472
-13720
-13416
-13328
-13452
-13468
-13536
-13756
-13872
-13844
-13512
-13572
-13552
-13432
-13512
-13428
-13288
-13664
-13652
-13688
-13616
-13632
-13876
-14204
-14012
-14076
-14116
-14088
-14032
-13888
-14152
-14112
-14080
-14048
-14004
-14024
-14008
-13840
-13908
-13924
-13648
-13848
-13852
-14136
-13896
-13772
-13936
-13708
-13604
-13420
-13480
-13580
-13604
-13472
-13444
-13616
-13296
-13304
-13476
-13804
-13528
-13624
-13696
-13708
-13616
-13640
-13600
-13720
-13916
-13648
-13944
-14024
-14136
-13860
-13832
-13628
-13776
-13784
-13748
-13612
-13556
-13516
-13448
-13608
-13560
-13740
-13864
-13944
-13820
-13524
-13860
-13740
-13620
-13860
-14084
-14064
-13964
-13888
-13508
-13548
-13864
-13624
-13356
-13368
-13500
-13540
-13668
-13676
-13664
-13604
-13640
-13796
-13724
-13680
-13588
-13620
-13784
-13704
-13824
-13772
-13636
-13808
-13828
-13952
-13744
-13888
-13776
-13724
-13812
-13612
-13468
-13628
-13556
-13440
-13664
-13496
-13672
-13720
-13736
-13668
-13708
-13728
-13792
-13568
-13760
-14092
-13808
-13872
-13796
-13696
-13564
-13588
-13580
-13644
-13588
-13684
-13880
-13888
-13776
-13772
-13596
-14032
-14120
-14072
-13920
-13740
-13848
-13644
-13908
-13672
-13660
-13540
-13604
-13772
-13712
-13716
-13836
-13980
-13756
-13644
-13516
-13672
-13808
-13940
-14064
-13780
-13784
-13792
-13872
-13660
-14108
-14028
-14176
-14016
-14432
-14264
-14292
-14096
-14132
-14216
-14200
-14196
-14328
-14216
-14340
-14152
-13852
-14064
-13904
-13944
-13960
-13856
-14016
-14352
-14304
-14164
-14140
-14080
-14108
-14164
-14104
-14140
-14024
-14076
-14272
-14056
-13788
-13748
-13736
-13784
-13672
-13828
-14140
-13944
-14236
-14048
-14120
-13860
-13916
-13780
-13672
-13724
-13960
-13912
-13700
-13732
-13940
-14032
-13860
-14180
-13780
-13668
-14120
-13804
-13912
-13756
-13912
-14048
-14168
-13696
-13612
-13672
-13500
-13528
-13868
-13684
-13620
-13792
-13764
-13876
-13576
-13756
-13736
-14040
-14012
-14000
-14132
-14240
-13900
-13856
-13952
-14020
-14096
-13932
-14044
-13716
-13976
-14152
-14024
-14092
-14168
-14240
-14328
-14184
-14144
-14184
-13968
-14040
-13996
-13924
-13832
-14028
-14340
-14408
-14180
-13808
-13960
-14040
-14224
-14304
-14312
-14212
-14124
-14132
-14160
-13928
-14016
-13932
-13816
-13756
-13932
-13936
-13724
-13432
-13532
-13576
-13596
-13568
-13984
-13844
-13932
-13960
-14076
-13832
-14004
-13944
-13736
-13604
-13760
-13696
-13976
-13992
-13664
-13712
-13572
-13496
-13536
-13368
-13508
-13724
-13836
-13956
-14040
-13952
-14104
-13720
-13696
-13724
-13436
-13736
-13804
-13976
-13712
-13988
-14000
-14192
-14140
-13992
-14024
-13880
-14116
-14136
-14088
-13872
-13852
-14248
-13928
-13808
-13728
-13868
-13684
-13788
-13852
-13812
-13764
-13820
-13768
-13644
-13576
-13616
-13488
-13316
-13560
-13460
-13420
-13452
-13676
-13604
-13612
-13844
-13628
-13644
-13516
-13820
-13788
-13668
-13632
-13852
-13788
-13852
-13680
-13920
-13896
-14196
-14032
-14168
-14296
-14000
-13628
-13628
-13848
-14020
-14128
-14048
-13888
-14060
-13912
-14036
-13912
-13820
-14096
-13876
-13784
-13944
-13812
-14004
-13644
-13824
-13668
-13824
-13752
-13752
-13708
-13876
-13448
-13820
-13712
-13980
-13988
-13932
-13764
-13780
-13588
-13700
-13564
-13564
-13664
-13580
-13492
-13548
-13560
-13736
-13604
-13608
-13668
-13372
-13372
-13576
-13536
-13716
-13488
-13528
-13604
-13728
-13888
-14100
-13872
-13728
-13620
-13996
-14020
-13836
-13852
-13780
-13800
-13892
-14048
-14040
-14008
-14120
-14100
-13960
-13984
-13812
-13960
-13956
-14040
-14064
-14124
-14144
-14124
-13916
-14248
-14076
-13844
-14172
-14296
-14372
-14300
-14192
-13904
-13864
-13976
-14060
-14176
-14028
-14040
-14088
-14080
-14116
-14112
-13944
-14084
-13840
-14148
-14280
-14428
-14060
-13924
-13988
-13748
-13628
-13668
-13808
-13724
-13868
-13940
-14032
-13888
-13868
-13804
-13996
-13968
-13908
-13664
-13660
-13700
-13884
-14020
-14060
-14124
-14196
-14044
-13952
-13860
-13832
-13660
-13640
-13804
-13820
-13816
-13700
-13924
-14092
-14196
-14036
-13992
-13828
-14072
-13868
-13792
-13784
-13880
-13920
-14088
-13960
-14116
-14356
-14328
-14152
-14128
-14076
-13628
-13760
-13928
-14028
-13824
-13824
-13800
-13764
-14312
-13944
-13928
-13712
-13840
-13732
-13552
-13960
-13932
-14060
-13988
-13972
-13804
-14076
-14060
-14000
-14016
-14204
-14008
-14108
-13920
-13856
-13960
-14084
-14012
-13812
-13936
-13880
-13784
-13792
-13668
-13620
-13780
-13900
-14220
-13908
-14108
-13984
-13952
-13968
-13892
-13828
-13852
-14008
-13832
-13748
-13936
-14100
-14000
-13856
-13916
-13964
-14248
-14036
-14084
-13968
-13828
-13960
-13936
-13844
-13700
-13816
-13832
-13744
-13520
-13424
-13452
-13384
-13464
-13148
-13460
-13416
-13388
-13492
-13472
-13632
-13920
-14080
-13936
-13920
-13828
-13760
-13796
-13888
-13736
-13384
-13364
-13568
-13656
-13680
-13660
-13584
-13760
-13680
-13680
-13388
-13648
-13404
-13716
-13704
-13984
-13896
-13704
-13820
-13772
-13872
-13864
-13888
-13764
-13772
-13712
-13700
-13604
-13504
-13744
-13808
-13944
-13796
-13672
-13764
-13644
-13520
-13696
-13596
-13764
-13696
-13788
-13732
-13496
-13656
-13672
-13724
-13844
-13776
-13576
-13924
-14004
-13652
-13632
-13604
-13720
-13624
-13628
-13508
-13732
-13508
-13080
-13096
-13060
-13128
-13148
-13300
-13460
-13436
-13176
-13320
-13336
-13100
-13084
-13308
-13024
-13348
-13416
-13540
-13460
-13392
-13356
-13648
-13428
-13448
-13480
-13352
-13656
-13368
-13496
-13432
-13452
-13328
-13292
-13304
-13608
-13724
-13720
-13772
-13784
-13912
-14032
-13832
-13772
-13600
-13568
-13408
-13404
-13196
-13160
-13268
-13500
-13696
-13504
-13500
-13496
-13484
-13364
-13520
-13712
-13980
-14116
-14096
-13932
-13748
-13432
-13380
-13564
-13860
-13784
-13760
-13896
-13816
-13760
-13576
-13608
-13656
-13780
-13688
-13800
-13852
-13868
-13828
-14124
-13880
-14016
-13860
-14028
-13992
-13968
-13916
-13812
-13880
-13812
-13496
-13684
-13500
-13488
-13476
-13516
-13660
-13956
-14032
-13980
-13744
-13772
-13772
-13856
-13776
-13560
-13488
-13420
-13772
-13672
-13544
-13632
-13596
-13560
-13392
-13584
-13284
-13392
-13632
-13960
-13884
-13688
-13592
-13480
-13684
-13440
-13488
-13764
-13688
-13444
-13476
-13688
-13616
-13608
-13756
-14024
-14120
-13556
-13600
-13504
-13568
-13600
-13492
-13620
-13532
-13680
-13784
-13836
-13832
-13644
-13464
-13608
-13688
-13692
-13960
-13768
-13804
-13920
-13896
-13728
-13812
-13892
-13832
-13768
-13552
-13556
-13640
-13536
-13568
-13536
-13536
-13680
-13764
-13760
-13660
-13884
-13880
-13872
-13556
-13492
-13804
-13528
-13432
-13592
-13712
-13504
-13896
-13572
-13460
-13508
-13492
-13644
-13600
-13208
-13192
-12928
-13156
-13336
-13600
-13644
-13748
-13552
-13728
-13464
-13412
-13288
-13544
-13796
-13556
-13372
-13368
-13156
-13664
-13424
-13816
-13656
-13636
-13588
-13556
-13708
-13656
-13788
-13924
-13772
-13748
-13640
-13656
-13808
-13652
-13696
-13528
-13596
-13980
-13852
-13956
-13744
-13868
-13900
-13896
-13792
-13508
-13636
-13372
-13244
-13264
-13472
-13632
-13536
-13812
-13560
-13596
-13564
-13428
-13308
-13432
-13404
-13540
-13528
-13384
-13396
-13640
-13456
-13504
-13444
-13492
-13432
-13248
-13584
-13372
-13412
-13376
-13264
-13236
-13344
-13316
-13500
-13472
-13436
-13568
-13444
-13384
-13668
-13660
-13704
-13816
-13520
-13376
-13300
-13656
-13436
-13512
-13736
-13820
-13876
-13860
-13756
-13736
-13716
-13620
-13564
-13484
-13696
-13488
-13652
-13900
-13904
-13892
-13396
-13492
-13340
-13444
-13264
-13320
-13452
-13340
-13148
-13084
-13364
-13156
-13312
-13404
-13392
-13352
-13516
-13528
-13460
-13484
-13392
-13560
-13660
-13552
-13492
-13756
-13780
-13988
-14028
-14024
-13792
-13468
-13384
-13656
-13584
-13824
-14036
-13972
-13772
-13900
-13584
-13800
-13780
-13836
-13944
-13976
-13976
-14052
-14072
-13972
-14112
-13948
-13852
-13800
-13888
-13828
-13808
-14040
-13836
-13796
-13652
-13732
-13716
-13488
-13544
-13808
-13952
-13804
-13436
-13276
-13428
-13468
-13680
-13492
-13536
-13436
-13480
-13532
-13596
-13452
-13588
-13596
-13616
-13696
-13752
-13724
-13732
-13952
-14008
-13876
-13816
-13720
-13696
-13756
-13632
-13724
-13780
-13932
-13880
-13896
-13916
-13848
-13768
-13660
-13684
-13884
-13904
-13896
-13736
-14032
-13680
-13740
-13828
-13884
-13792
-13716
-13808
-14012
-13900
-13904
-13860
-13852
-13880
-14028
-13936
-13756
-14144
-13832
-13544
-13756
-13908
-14096
-14096
-13960
-13828
-13776
-14012
-14060
-14016
-14240
-14292
-14328
-14080
-13996
-14036
-14120
-13924
-13796
-13944
-14096
-14144
-14240
-14024
-13868
-13896
-14140
-14252
-14036
-13956
-14084
-14292
-13880
-13868
-13792
-13636
-13660
-13792
-13784
-13744
-13848
-13756
-13728
-13716
-13740
-13588
-13748
-14020
-13960
-14008
-14000
-13744
-13888
-13680
-13616
-13552
-13712
-13644
-13740
-13700
-13956
-13996
-13876
-13592
-13472
-13388
-13588
-13576
-13432
-13584
-13368
-13524
-13632
-13740
-13548
-13516
-13408
-13472
-13744
-13504
-13352
-13336
-13380
-13496
-13648
-13680
-13560
-13700
-13696
-13752
-13856
-13932
-13828
-13624
-13592
-13496
-13492
-13560
-13628
-13700
-13648
-13696
-13720
-13856
-13824
-13788
-13748
-13688
-13644
-13736
-13384
-13420
-13512
-13440
-13292
-13664
-13812
-13772
-13792
-13912
-13752
-13636
-13508
-13680
-13528
-13576
-13468
-13400
-13588
-13852
-13624
-13372
-13296
-13548
-13720
-13732
-13604
-13664
-13620
-13284
-13268
-13316
-13552
-13584
-13360
-13372
-13368
-13552
-13416
-13244
-13552
-13512
-13368
-13340
-13264
-13388
-13284
-13432
-13368
-13504
-13360
-13072
-13452
-13544
-13584
-13692
-13712
-13968
-13796
-13792
-13772
-13756
-13912
-13916
-13624
-13716
-13812
-13888
-13920
-14036
-13884
-13784
-13836
-13680
-13640
-13676
-13708
-13736
-13752
-13596
-13444
-13640
-13588
-13480
-13672
-13768
-13660
-13692
-13444
-13520
-13780
-13616
-13748
-13812
-13836
-14056
-13876
-13828
-13776
-13572
-13840
-13852
-13976
-13944
-14028
-14232
-14424
-14232
-14084
-14004
-13700
-13656
-13672
-13956
-14020
-13940
-14212
-14244
-14080
-14164
-14260
-14092
-14140
-14164
-14324
-13964
-14024
-14200
-14184
-14196
-13976
-14216
-14184
-14220
-14312
-13948
-13864
-13960
-13740
-13564
-13780
-14044
-13824
-13684
-13676
-13608
-13652
-13476
-13268
-13312
-13352
-13464
-13532
-13772
-13912
-13896
-13816
-13760
-13876
-14156
-13852
-13932
-14000
-13608
-13624
-13768
-13808
-13912
-14096
-14056
-13988
-13764
-13816
-13804
-13584
-13500
-13760
-13628
-13444
-13348
-13592
-13716
-13752
-13992
-13748
-13672
-13752
-13768
-13808
-13772
-13748
-13844
-13848
-13904
-14108
-14056
-13968
-14324
-14464
-14376
-14304
-14192
-14220
-14264
-14056
-14124
-14048
-13872
-14076
-13784
-13932
-14032
-13804
-14000
-13984
-13888
-13984
-13968
-14084
-13960
-13544
-13796
-13732
-13956
-13952
-13968
-14216
-13964
-14192
-14464
-14508
-14504
-14244
-14120
-14100
-14184
-14228
-14104
-13792
-13856
-13812
-13832
-13580
-13632
-13812
-13700
-13664
-13736
-13732
-14020
-13752
-14040
-14120
-13924
-13756
-13716
-13500
-13776
-13908
-13900
-13940
-13820
-13788
-14036
-13800
-13788
-14024
-13704
-13848
-13776
-13944
-14164
-14164
-14036
-14216
-13884
-14004
-14196
-14136
-14052
-14076
-14032
-14060
-13904
-13852
-13856
-14116
-13992
-14000
-14132
-13876
-13992
-14300
-14240
-14032
-13868
-13832
-13748
-13848
-13964
-13836
-13996
-14028
-13928
-14504
-14428
-14340
-14104
-14040
-14204
-14240
-14220
-14084
-14388
-14516
-14364
-14376
-14348
-14204
-14168
-14048
-13840
-13760
-13540
-13652
-13892
-13956
-14192
-14244
-14184
-14136
-13872
-14008
-14016
-14044
-14104
-14200
-13996
-14068
-13816
-13988
-13788
-13804
-14056
-14276
-14316
-14180
-14220
-14132
-14240
-14348
-14116
-14472
-14236
-14044
-14116
-14216
-14140
-14240
-14124
-14044
-14060
-14192
-14236
-14120
-14160
-13776
-14120
-14020
-13992
-14280
-14224
-14140
-13996
-14000
-14032
-14192
-14384
-14440
-14508
-14356
-14004
-14108
-14028
-14008
-14028
-14012
-14080
-14032
-13892
-13984
-14152
-13952
-14020
-13844
-13780
-13792
-13804
-13740
-13512
-13612
-13796
-13816
-13680
-13632
-13876
-13748
-13776
-13832
-14112
-13992
-13644
-13648
-13584
-13696
-13784
-13500
-13476
-13412
-13720
-13620
-13432
-13276
-13236
-13376
-13404
-13308
-13472
-13444
-13168
-13276
-13256
-13256
-13416
-13460
-13504
-13324
-13332
-13376
-13528
-13748
-13840
-13824
-13644
-13828
-13644
-13604
-13700
-13700
-13444
-13452
-13508
-13376
-13368
-13668
-13356
-13268
-13552
-13340
-13376
-13488
-13588
-13720
-13728
-13680
-13816
-13840
-13884
-13948
-13936
-13956
-13876
-13720
-13844
-14060
-13976
-13884
-14080
-14056
-14024
-13932
-13892
-14036
-14012
-13952
-13836
-13908
-14116
-13976
-14008
-14204
-14200
-14080
-14312
-14408
-14016
-13984
-14100
-13960
-13872
-13728
-13852
-13696
-13776
-13740
-13924
-13980
-14000
-14000
-13832
-13992
-14268
-13988
-13816
-13852
-13968
-14000
-14052
-14108
-14072
-14216
-13876
-13960
-14100
-13844
-14088
-13984
-13936
-13816
-13912
-13936
-14048
-13944
-14056
-13876
-14032
-13812
-13840
-13968
-13888
-14016
-14140
-14188
-14088
-14232
-14232
-13996
-14032
-14084
-13916
-14060
-14124
-14108
-14248
-14116
-14192
-13880
-13868
-14044
-14076
-13948
-13888
-13752
-13796
-14216
-14108
-13848
-13872
-13772
-13820
-13972
-14064
-13996
-14068
-14028
-14044
-13916
-14004
-14092
-14108
-14248
-14224
-14080
-14064
-14008
-14076
-13884
-13848
-13900
-13884
-13716
-14176
-13976
-13924
-13572
-13760
-13584
-13752
-13608
-13648
-13772
-13684
-13768
-13928
-13648
-13664
-13248
-13508
-13652
-13828
-14024
-13960
-13684
-13536
-13568
-14012
-13828
-14120
-13984
-13880
-13740
-13592
-13544
-13700
-13616
-13744
-13880
-13840
-13868
-13728
-13616
-13596
-13496
-13444
-13464
-13364
-13608
-13668
-13720
-13540
-13456
-13444
-13932
-13872
-13736
-13800
-13692
-13944
-14000
-14032
-14072
-14172
-14056
-14028
-14084
-14040
-14060
-13784
-13800
-13860
-13828
-13756
-13820
-13824
-13868
-13768
-13772
-13928
-13932
-14164
-13984
-13940
-13972
-13924
-13996
-14004
-13848
-13704
-13560
-13756
-13640
-13976
-13620
-13672
-13584
-13668
-13564
-13672
-13548
-13560
-13452
-13568
-13372
-13196
-13648
-13712
-13456
-13712
-13524
-13572
-13344
-13712
-13896
-13608
-13724
-13804
-13924
-14048
-13992
-13844
-13724
-13652
-13652
-13468
-13588
-13652
-13736
-13684
-13840
-14048
-14032
-14076
-14108
-13976
-13880
-13796
-13996
-14016
-13988
-13676
-13820
-13984
-13908
-13936
-14012
-13960
-13976
-13768
-13956
-13620
-13784
-13728
-13804
-13608
-13672
-13536
-13792
-13896
-13684
-13688
-13596
-13700
-13872
-13708
-13872
-14100
-14180
-14088
-13952
-14052
-13868
-14096
-14116
-13880
-13736
-13364
-13932
-13796
-13740
-13840
-13700
-13700
-13572
-13620
-13676
-13592
-13576
-13564
-13804
-13732
-13484
-13776
-13672
-13948
-13712
-13676
-13960
-13880
-13920
-14068
-13952
-14148
-14264
-14104
-14072
-13800
-13792
-13768
-13980
-14164
-13928
-13848
-13972
-13864
-13748
-13468
-13572
-13804
-13948
-13816
-13828
-13580
-13552
-13684
-13732
-13860
-13724
-13632
-13796
-13800
-13532
-13808
-13628
-13616
-13532
-13728
-13644
-13568
-13540
-13560
-13504
-13680
-13728
-13572
-13372
-13456
-13444
-13596
-13420
-13424
-13512
-13332
-13516
-13200
-13184
-13620
-13412
-13580
-13516
-13332
-13512
-13728
-13496
-13620
-13580
-13340
-13328
-13556
-13812
-14048
-13868
-13924
-14148
-13936
-13844
-14224
-13884
-13760
-13504
-13732
-13776
-13760
-13536
-13684
-13560
-13724
-13824
-13748
-13612
-13756
-13652
-13604
-13684
-13672
-13780
-13872
-13860
-13976
-13696
-13960
-14140
-14264
-14180
-14344
-14252
-13968
-13912
-13632
-13812
-13676
-13628
-13588
-13984
-13660
-13592
-13664
-13500
-13644
-13684
-13696
-13860
-13952
-14000
-14056
-13924
-13908
-14080
-14100
-14060
-13964
-14052
-14020
-14008
-13940
-14020
-13920
-13744
-14288
-13984
-14212
-14048
-14064
-14228
-14120
-13992
-13920
-13832
-13720
-13848
-13996
-13948
-14220
-14192
-14236
-14252
-13968
-13920
-13780
-14092
-13764
-13916
-13656
-13604
-13900
-13828
-13844
-13552
-13688
-13504
-13488
-13772
-13812
-13824
-13848
-13840
-13556
-13688
-13792
-13964
-13612
-13904
-13732
-13652
-13776
-13660
-13556
-13764
-13924
-14180
-13980
-13848
-14244
-14304
-14208
-13896
-13764
-13788
-13808
-13740
-13888
-13860
-13804
-13972
-13740
-13788
-13816
-13684
-13884
-13924
-13776
-14032
-14168
-14056
-14036
-14056
-13960
-13764
-13708
-13644
-13628
-13600
-13508
-13536
-13912
-13856
-13896
-13816
-13800
-13564
-13552
-13644
-13524
-13664
-13712
-13552
-13532
-13344
-13512
-13792
-14232
-14196
-14156
-13920
-13772
-13868
-13988
-13960
-13960
-13700
-13796
-13716
-13964
-13908
-13828
-14068
-13880
-13708
-13816
-13760
-13828
-14220
-14256
-13940
-13776
-13744
-14012
-14008
-13844
-13784
-14068
-14120
-14004
-14236
-14188
-14048
-14020
-14192
-14328
-14176
-14212
-14208
-13908
-14016
-14080
-13988
-13964
-13892
-13704
-13536
-13752
-13684
-13712
-13884
-13768
-13892
-13700
-13936
-13792
-13504
-13620
-13672
-13740
-13696
-13700
-13772
-13792
-13956
-14060
-13888
-14080
-13908
-13852
-13644
-13788
-13864
-13932
-13984
-14064
-13884
-13912
-14048
-13860
-13688
-13956
-13840
-13784
-13704
-13848
-13884
-13648
-13632
-13508
-13412
-13756
-13352
-13736
-13816
-13496
-13376
-13528
-13732
-13768
-13956
-14188
-14044
-14176
-13892
-14060
-14160
-14096
-13976
-13908
-13736
-13932
-14152
-14084
-13864
-13960
-14084
-14284
-14272
-14068
-13736
-13728
-13656
-13792
-13696
-13548
-13544
-13488
-13568
-13624
-13540
-13420
-13760
-13636
-13648
-13756
-13616
-13768
-13612
-13764
-13712
-13604
-13528
-13488
-13292
-13552
-13508
-13772
-13776
-14028
-13940
-13888
-13812
-13932
-13956
-14092
-13976
-13724
-13796
-13668
-13740
-13804
-13628
-13660
-13788
-13720
-13632
-13552
-13724
-13768
-13792
-13640
-13584
-13556
-13408
-13480
-13740
-13596
-13332
-13276
-13528
-13476
-13440
-13200
-13296
-13276
-13512
-13452
-13540
-13532
-13560
-13448
-13768
-13684
-13780
-13520
-13712
-13528
-13868
-13980
-13820
-13740
-13660
-13724
-13516
-13492
-13572
-13644
-13720
-13848
-13952
-14132
-13944
-13652
-13880
-13876
-14056
-13788
-13848
-13748
-13676
-13940
-13796
-13568
-13688
-13584
-13716
-13808
-13864
-13716
-13696
-13848
-13828
-13756
-13748
-13568
-13360
-13508
-13744
-13732
-13708
-13844
-14000
-14012
-13764
-13840
-13504
-13612
-13648
-13692
-13628
-13344
-13904
-14028
-13856
-13696
-13544
-13448
-13440
-13240
-13388
-13392
-13492
-13584
-13696
-13644
-13612
-13424
-13552
-13676
-13352
-13424
-13904
-14012
-13800
-13708
-13720
-13748
-13732
-13720
-13892
-13624
-13528
-13352
-13288
-13432
-13184
-13216
-13188
-12928
-13256
-13256
-13344
-13436
-13648
-13644
-13420
-13516
-13748
-13716
-13768
-13596
-13648
-13888
-13904
-13844
-13872
-13728
-13440
-13700
-13420
-13332
-13404
-13736
-13736
-13704
-13644
-13860
-13988
-13988
-13980
-13740
-13992
-13976
-13892
-13832
-13764
-13664
-13516
-13520
-13468
-13428
-13248
-13368
-13552
-13656
-13556
-13720
-13920
-13836
-13820
-14000
-13876
-14012
-14072
-13896
-13812
-13972
-13924
-13740
-13788
-14036
-14004
-13776
-13692
-13800
-13676
-13512
-13440
-13408
-13632
-13660
-14064
-13904
-14156
-13996
-13724
-13916
-13984
-13856
-13828
-13976
-13832
-13960
-14112
-14104
-13904
-13936
-13596
-13588
-13332
-13256
-13400
-13340
-13472
-13708
-13480
-13352
-13520
-13548
-13664
-13580
-13716
-13872
-13996
-13824
-13672
-13412
-13352
-13492
-13320
-13408
-13500
-13740
-13856
-13648
-13736
-13900
-14140
-14060
-13824
-13860
-13516
-13648
-13636
-13520
-13620
-13560
-13272
-13420
-13364
-13424
-13420
-13504
-13520
-13680
-13524
-13684
-13604
-13840
-13760
-13992
-13680
-13740
-13316
-13436
-13532
-13512
-13568
-13876
-13920
-13816
-13988
-13888
-13892
-13584
-13564
-13744
-13536
-13636
-13528
-13664
-13680
-13744
-13828
-13936
-13992
-13740
-13620
-13888
-13660
-13668
-14032
-14016
-14144
-14116
-14328
-14136
-14084
-14200
-14196
-14144
-14168
-14024
-13888
-13800
-13868
-13700
-13972
-14120
-14032
-13888
-14028
-13768
-13832
-14016
-14040
-14148
-14144
-14008
-14176
-13920
-13916
-13856
-13848
-13608
-13372
-13492
-13440
-13912
-14000
-13736
-13960
-13832
-13724
-13912
-13776
-13756
-13548
-13896
-13712
-13896
-13708
-13756
-13808
-13956
-13916
-13912
-13952
-14060
-14004
-13900
-13804
-13700
-13792
-13760
-13740
-13836
-13732
-13796
-13896
-14040
-13784
-13748
-13828
-14040
-13716
-13688
-13844
-13816
-13836
-13712
-13532
-13596
-13984
-13948
-14076
-13916
-13824
-13904
-13812
-13716
-13744
-13912
-13804
-13716
-13664
-13800
-13868
-14020
-14036
-14004
-14176
-14096
-14108
-13920
-14008
-14084
-14036
-13840
-13924
-13956
-14132
-13836
-13736
-13588
-13432
-13416
-13508
-13532
-13576
-13828
-13776
-13948
-13708
-13840
-13896
-14044
-14100
-14148
-13908
-13876
-14068
-13908
-13684
-13900
-14104
-13880
-13740
-13704
-13820
-13784
-13856
-13872
-14096
-13984
-14092
-13852
-14236
-13732
-13692
-13788
-13788
-13652
-13672
-13804
-13876
-14028
-14360
-14136
-14112
-14384
-14268
-14060
-14316
-14028
-14076
-13868
-13864
-13724
-13928
-13636
-13552
-13976
-13672
-13940
-13664
-13696
-13780
-13656
-13892
-13988
-13860
-13720
-13912
-13788
-13696
-13772
-13824
-13812
-13944
-13872
-13836
-13864
-13628
-13760
-13860
-13688
-13704
-13540
-13732
-13952
-13952
-14116
-13636
-13768
-13652
-13864
-13956
-13816
-14108
-14056
-13960
-13672
-13672
-13804
-14028
-13928
-13796
-13900
-13932
-13780
-13812
-14148
-14064
-13860
-13896
-13844
-13908
-13900
-13912
-13732
-13796
-13656
-13860
-13788
-13936
-14060
-14228
-14020
-13992
-13804
-13528
-13808
-13584
-13948
-14092
-14160
-14056
-14064
-14308
-14436
-14356
-14108
-14212
-14320
-14204
-13900
-13980
-13992
-13896
-13896
-13816
-13760
-13628
-13616
-13592
-13720
-13760
-13856
-13592
-13592
-13668
-13936
-14096
-14160
-14024
-13812
-14128
-14024
-14128
-14252
-14076
-14164
-14128
-14208
-14348
-14304
-14248
-14132
-14172
-14092
-14116
-14164
-14200
-14240
-13816
-13812
-13804
-13716
-14164
-14296
-13992
-13908
-13708
-14012
-14052
-14192
-14056
-14056
-14300
-14392
-14400
-14148
-13956
-13960
-13784
-13744
-13664
-13816
-14032
-13988
-14172
-14340
-14264
-14448
-14320
-14264
-14136
-13916
-13960
-13840
-13876
-14040
-14004
-13996
-14008
-14004
-14024
-14140
-13984
-14052
-14180
-14252
-14352
-14388
-14308
-13976
-14172
-14224
-14312
-14268
-14256
-13992
-14132
-14160
-14232
-14320
-14204
-14552
-14624
-14580
-14428
-14408
-14300
-14348
-14304
-14236
-14220
-14444
-14468
-14188
-14172
-14420
-14540
-14404
-14392
-14560
-14524
-14352
-14364
-14360
-14364
-14452
-14360
-14488
-14412
-14676
-14604
-14704
-14560
-14480
-14432
-14276
-14040
-14376
-14268
-14132
-14340
-14204
-13928
-14140
-14120
-14096
-14208
-14200
-14016
-14064
-14072
-14264
-14144
-14132
-14032
-13972
-13876
-13844
-13908
-13948
-14132
-13996
-13884
-13876
-14072
-14152
-13924
-14280
-14280
-14380
-14332
-14328
-14164
-14048
-14148
-14100
-14252
-14276
-14236
-13980
-14296
-14312
-14052
-14016
-14276
-14244
-14400
-14444
-14260
-14156
-14236
-14256
-14236
-14268
-14140
-14028
-14268
-14168
-14136
-14188
-14300
-14672
-14540
-14384
-14260
-14176
-14068
-14216
-14120
-14068
-13980
-14012
-14176
-14016
-14148
-14032
-14124
-13928
-14024
-14048
-14204
-14132
-14192
-14072
-14052
-13828
-13744
-13532
-13624
-13848
-13832
-13688
-13844
-14180
-14008
-14360
-14344
-14328
-14384
-14236
-14140
-14360
-14212
-14264
-14108
-14144
-14368
-14300
-14372
-14284
-14356
-14128
-14092
-14040
-13860
-13812
-14072
-13756
-14108
-14108
-13832
-13928
-14004
-14048
-13984
-14052
-14144
-14316
-14416
-14288
-14248
-14268
-14268
-14428
-14104
-14140
-13980
-13908
-14208
-14128
-14064
-14040
-14280
-14384
-14388
-14164
-14300
-14444
-14404
-14512
-14536
-14328
-14392
-14548
-14692
-14700
-14576
-14452
-14312
-14440
-14480
-14536
-14420
-14276
-14220
-14036
-14260
-14280
-14256
-14248
-14288
-14284
-14168
-13964
-14052
-14044
-13936
-13940
-13944
-14040
-14392
-14512
-14576
-14504
-14464
-14552
-14428
-14436
-14532
-14616
-14412
-14344
-14196
-14064
-14384
-14296
-14176
-14184
-13988
-13884
-13880
-13980
-13832
-13824
-14128
-14148
-14312
-14132
-14176
-14056
-14144
-14128
-14064
-14124
-13916
-13628
-13600
-13708
-13600
-13764
-13820
-13824
-13704
-13748
-13792
-13800
-13840
-14092
-14164
-14340
-14372
-14124
-14088
-14256
-14280
-14012
-13928
-14048
-14024
-14032
-13968
-13936
-13924
-14092
-14148
-14108
-14112
-14268
-14092
-14272
-14188
-14212
-14072
-13900
-13804
-13828
-14228
-14292
-13996
-13984
-13812
-13804
-13980
-13904
-13844
-14096
-14452
-14256
-14084
-14232
-14368
-14400
-14516
-14388
-14412
-14428
-14256
-14196
-14188
-14184
-14216
-14328
-14200
-14228
-14212
-14252
-14312
-14212
-14492
-14308
-14188
-14112
-14076
-14224
-14072
-14000
-13780
-13900
-13940
-14076
-13972
-13968
-13908
-14000
-14260
-14584
-14664
-14352
-14200
-14228
-14112
-14248
-14420
-14460
-14496
-14720
-14396
-14416
-14540
-14556
-14436
-14460
-14256
-14544
-14532
-14460
-14268
-14468
-14604
-14584
-14796
-14736
-14612
-14524
-14556
-14468
-14548
-14500
-14304
-14300
-14668
-14436
-14528
-14392
-14552
-14536
-14460
-14376
-14600
-14800
-14740
-14604
-14544
-14528
-14588
-14336
-14340
-14500
-14624
-14288
-14556
-14532
-14604
-14444
-14540
-14664
-14296
-14668
-14744
-14664
-14632
-14596
-14852
-14944
-14756
-14516
-14224
-14328
-14564
-14404
-14228
-14288
-14096
-14268
-14312
-14264
-14436
-14432
-14516
-14504
-14632
-14664
-14816
-14892
-14708
-14740
-14764
-14884
-14636
-14552
-14832
-14812
-14668
-14524
-14536
-14284
-14500
-14428
-14476
-14264
-14284
-14360
-14264
-14376
-14428
-14380
-14568
-14408
-14220
-14180
-14280
-14188
-13976
-14324
-14480
-14264
-14376
-14292
-14184
-14140
-14140
-14148
-13904
-13908
-13884
-13912
-13876
-13624
-13756
-14024
-13876
-13772
-13892
-13852
-13780
-13844
-14136
-13976
