-4344
-4736
-4372
-4132
-4212
-4204
-4236
-4284
-4264
-4444
-4196
-4484
-4208
-4300
-4184
-3960
-4036
-4136
-4268
-4276
-4252
-4292
-4292
-4256
-4340
-4176
-4392
-4364
-4284
-4508
-4536
-4372
-4204
-4080
-4168
-3992
-3864
-4448
-4232
-4100
-4328
-4428
-4544
-4144
-4328
-4240
-4388
-4220
-4232
-4304
-4368
-4368
-4188
-4436
-4168
-4172
-4104
-4280
-4328
-4388
-4088
-4356
-4356
-4220
-4380
-4264
-4052
-4312
-4204
-3988
-4124
-4316
-4340
-4204
-4532
-3928
-4240
-4244
-4324
-4232
-4252
-4516
-4320
-4120
-4284
-4372
-4308
-4272
-3976
-4212
-4288
-4220
-4012
-4012
-4216
-4464
-4168
-4448
-4360
-4164
-4044
-4324
-4296
-4508
-4176
-4328
-4564
-4384
-4312
-4004
-4188
-3980
-4208
-4144
-4320
-4068
-4220
-4132
-4060
-4612
-4460
-4284
-4252
-4428
-4416
-4140
-4020
-4400
-4536
-4216
-4532
-4464
-4468
-4328
-4200
-4064
-4116
-4280
-4244
-4408
-4288
-4060
-4440
-4360
-4556
-4036
-4260
-4256
-4312
-4048
-4480
-4364
-4080
-4340
-4140
-4360
-4280
-4320
-4048
-4404
-4236
-4008
-4220
-4392
-4052
-4080
-4136
-4324
-3884
-4252
-4428
-4208
-4268
-4292
-4268
-4248
-4440
-4004
-4012
-4288
-4288
-4472
-4120
-4496
-4356
-4560
-4280
-4320
-4572
-4628
-4308
-4480
-4384
-4380
-4344
-4424
-4388
-4316
-4548
-4500
-4112
-4476
-4308
-4332
-4380
-4364
-4144
-4208
-4220
-4348
-4004
-3924
-4136
-4124
-4344
-4216
-4112
-4200
-4416
-4352
-4036
-4108
-4488
-4096
-4320
-4384
-4140
-4344
-4044
-4296
-4376
-4276
-4480
-4600
-4428
-4056
-4184
-4164
-4384
-4404
-4336
-4104
-4500
-4292
-4076
-4540
-4228
-4240
-4104
-4092
-4272
-4328
-4300
-4128
-4088
-4368
-4268
-4380
-4236
-4580
-4416
-4540
-4520
-4300
-4124
-4452
-4104
-4240
-4256
-4344
-4264
-4016
-4224
-4296
-4180
-4352
-4060
-4272
-4364
-4248
-4392
-4248
-4272
-4320
-4016
-4244
-4576
-4460
-4212
-4276
-4256
-4484
-4248
-4320
-4300
-4568
-4712
-4288
-4212
-4396
-4308
-4240
-3960
-4052
-4068
-4144
-4464
-4228
-4440
-4172
-4232
-4072
-4352
-4692
-4384
-4612
-4332
-4572
-4200
-4268
-4280
-4548
-4228
-4272
-4292
-4436
-4432
-4136
-4372
-4308
-4040
-4292
-4204
-3892
-4212
-4376
-4244
-4224
-4096
-4132
-4520
-4280
-4012
-4344
-4428
-4052
-4068
-4076
-4388
-4156
-4344
-4340
-4292
-4032
-4164
-4424
-4344
-4296
-4100
-4200
-4088
-4484
-4324
-4488
-4448
-4128
-4332
-4440
-4092
-4228
-4124
-4292
-4572
-4384
-4404
-4548
