-4344
-4736
-4372
-4132
-4212
-4204
-4236
-4284
-4264
-4444
-4196
-4484
-4208
-4300
-4184
-3960
-4036
-4136
-4268
-4276
-4252
-4292
-4292
-4256
-4340
-4176
-4392
-4364
-4284
-4508
-4536
-4372
-4204
-4080
-4168
-3992
-3864
-4448
-4232
-4100
-4328
-4428
-4544
-4144
-4328
-4240
-4388
-4220
-4232
-4304
-4368
-4368
-4188
-4436
-4168
-4172
-4104
-4280
-4328
-4388
-4088
-4356
-4356
-4220
-4380
-4264
-4052
-4312
-4204
-3988
-4124
-4316
-4340
-4204
-4532
-3928
-4240
-4244
-4324
-4232
-4252
-4516
-4320
-4120
-4284
-4372
-4308
-4272
-3976
-4212
-4288
-4220
-4012
-4012
-4216
-4464
-4168
-4448
-4360
-4164
-4044
-4324
-4296
-4508
-4176
-4328
-4564
-4384
-4312
-4004
-4188
-3980
-4208
-4144
-4320
-4068
-4220
-4132
-4060
-4612
-4460
-4284
-4252
-4428
-4416
-4140
-4020
-4400
-4536
-4216
-4532
-4464
-4468
-4328
-4200
-4064
-4116
-4280
-4244
-4408
-4288
-4060
-4440
-4360
-4556
-4036
-4260
-4256
-4312
-4048
-4480
-4364
-4080
-4340
-4140
-4360
-4280
-4320
-4048
-4404
-4236
-4008
-4220
-4392
-4052
-4080
-4136
-4324
-3884
-4252
-4428
-4208
-4268
-4292
-4268
-4248
-4440
-4004
-4012
-4288
-4288
-4472
-4120
-4496
-4356
-4560
-4280
-4320
-4572
-4628
-4308
-4480
-4384
-4380
-4344
-4424
-4388
-4316
-4548
-4500
-4112
-4476
-4308
-4332
-4380
-4364
-4144
-4208
-4220
-4348
-4004
-3924
-4136
-4124
-4344
-4216
-4112
-4200
-4416
-4352
-4036
-4108
-4488
-4096
-4320
-4384
-4140
-4344
-4044
-4296
-4376
-4276
-4480
-4600
-4428
-4056
-4184
-4164
-4384
-4404
-4336
-4104
-4500
-4292
-4076
-4540
-4228
-4240
-4104
-4092
-4272
-4328
-4300
-4128
-4088
-4368
-4268
-4380
-4236
-4580
-4416
-4540
-4520
-4300
-4124
-4452
-4104
-4240
-4256
-4344
-4264
-4016
-4224
-4296
-4180
-4352
-4060
-4272
-4364
-4248
-4392
-4248
-4272
-4320
-4016
-4244
-4576
-4460
-4212
-4276
-4256
-4484
-4248
-4320
-4300
-4568
-4712
-4288
-4212
-4396
-4308
-4240
-3960
-4052
-4068
-4144
-4464
-4228
-4440
-4172
-4232
-4072
-4352
-4692
-4384
-4612
-4332
-4572
-4200
-4268
-4280
-4548
-4228
-4272
-4292
-4436
-4432
-4136
-4372
-4308
-4040
-4292
-4204
-3892
-4212
-4376
-4244
-4224
-4096
-4132
-4520
-4280
-4012
-4344
-4428
-4052
-4068
-4076
-4388
-4156
-4344
-4340
-4292
-4032
-4164
-4424
-4344
-4296
-4100
-4200
-4088
-4484
-4324
-4488
-4448
-4128
-4332
-4440
-4092
-4228
-4124
-4292
-4572
-4384
-4404
-4548
-4340
-4260
-4148
-4428
-4440
-4428
-4308
-4552
-4352
-4188
-4400
-4396
-4092
-4292
-4044
-4284
-4108
-4112
-4460
-4492
-4160
-4236
-4104
-4316
-4180
-4432
-4456
-4324
-4140
-4196
-4316
-4468
-4312
-4268
-4288
-4592
-4168
-4256
-4288
-4500
-4176
-4400
-4060
-4176
-3904
-4076
-4432
-4328
-4384
-4024
-4124
-4408
-4424
-4172
-4200
-4064
-4360
-4756
-4536
-4116
-4300
-4320
-4224
-4160
-4360
-4216
-4516
-4528
-4512
-4044
-4212
-4248
-4016
-4252
-4096
-4228
-4388
-4144
-4348
-4236
-4164
-4348
-4360
-4232
-4232
-4332
-4208
-4348
-4376
-4288
-4064
-4184
-4196
-4180
-4336
-4348
-4208
-4412
-4784
-4364
-4524
-4220
-4092
-4360
-4364
-4512
-4436
-4128
-4148
-4212
-4240
-4252
-4420
-4368
-4280
-4256
-4248
-4156
-4128
-4152
-4492
-4372
-4568
-4176
-4316
-4196
-4160
-4264
-4268
-4244
-4296
-4260
-4104
-4540
-4380
-4672
-4364
-4300
-4324
-4348
-4196
-4092
-4564
-4380
-4328
-4320
-4420
-4192
-4628
-4504
-4352
-4368
-4152
-3992
-4196
-4496
-4504
-4428
-4120
-4300
-4184
-4012
-4200
-4368
-4100
-4252
-4544
-4272
-4324
-4176
-4220
-4492
-4296
-4340
-4396
-4464
-4536
-4472
-4112
-4384
-4240
-4244
-4184
-4296
-4324
-4312
-4316
-4020
-4100
-4364
-4460
-4316
-4496
-4464
-4220
-4356
-4168
-4160
-4128
-4336
-4084
-4168
-4140
-4272
-4288
-4436
-4476
-4176
-4204
-4308
-4624
-4308
-4388
-4248
-4464
-4224
-4248
-4196
-4232
-4392
-4436
-4464
-4332
-4188
-4404
-4244
-4168
-4152
-4220
-4252
-4080
-4260
-4488
-4524
-4504
-4316
-4312
-4520
-3896
-4368
-4320
-4220
-4224
-4312
-4200
-4120
-4152
-4192
-4260
-4040
-4072
-4480
-4136
-4276
-4432
-4544
-4212
-4440
-4536
-4280
-4188
-4264
-4108
-4120
-4268
-4364
-4488
-4428
-4200
-4312
-4120
-4164
-4336
-4408
-4124
-4284
-4568
-4464
-4428
-4188
-4260
-4348
-4248
-4200
-4368
-4560
-4404
-4300
-4528
-4496
-4124
-4200
-4300
-4504
-4492
-4116
-4432
-4396
-4196
-4012
-4328
-4512
-4556
-4252
-4292
-4320
-4156
-4356
-4136
-4060
-4212
-4360
-4492
-4268
-4308
-4124
-4180
-4344
-4492
-4124
-4248
-4468
-4320
-4092
-4228
-4072
-4372
-4292
-4268
-4352
-4372
-4412
-4296
-4136
-4324
-4296
-4556
-4244
-4016
-4404
-4320
-4548
-4348
-4408
-4420
-4356
-4120
-4204
-4336
-4108
-4420
-4304
-4264
-4168
-4368
-4236
-4232
-3856
-4224
-4156
-4324
-4444
-4664
-4500
-4112
-4064
-4464
-4188
-4668
-4164
-4368
-4432
-4284
-4244
-4276
-4424
-4520
-4444
-4544
-4312
-4040
-4212
-4176
-4312
-4440
-4312
-4316
-4192
-4384
-4036
-4112
-4040
-4208
-3948
-4352
-4444
-4296
-4116
-4356
-4076
-4304
-4244
-4172
-4064
-4136
-4080
-3872
-3964
-4428
-4440
-4524
-4500
-4348
-4608
-3996
-4248
-4264
-4440
-4260
-4208
-4480
-4436
-4432
-4024
-4284
-4392
-4212
-4260
-4344
-4244
-4440
-4200
-4444
-4484
-4428
-4504
-4304
-4212
-4200
-4164
-4204
-4344
-4508
-4256
-4444
-4292
-4644
-4176
-4424
-4236
-4296
-4320
-4412
-4200
-4416
-4372
-4372
-4148
-4232
-4252
-4216
-4360
-3924
-4128
-4232
-4280
-4292
-4280
-4156
-4288
-4172
-4276
-4240
-4364
-4336
-4148
-4228
-4216
-4072
-4444
-4368
-4568
-4316
-4332
-4524
-4392
-4120
-4084
-4216
-4204
-4252
-4144
-4380
-4012
-4096
-4316
-4312
-4332
-4168
-4272
-4236
-4356
-4280
-4204
-4232
-4072
-4016
-4268
-4244
-4444
-4160
-4344
-4280
-4236
-4252
-4304
-4364
-4080
-4204
-4776
-4340
-4072
-4416
-4328
-4276
-4152
-4104
-4248
-4080
-4104
-4756
-4328
-4660
-4136
-4484
-4308
-4228
-4064
-4068
-3964
-4312
-4316
-4124
-4320
-4092
-3940
-4152
-4264
-4324
-4612
-4508
-4264
-4224
-4440
-4420
-4052
-4184
-4596
-4456
-4516
-4504
-4448
-4120
-4332
-4224
-4168
-4036
-4776
-4456
-4284
-4428
-4412
-4588
-4436
-4204
-4416
-4272
-4304
-4376
-4348
-4112
-4368
-4296
-4192
-4136
-4208
-4072
-4224
-4352
-3836
-4044
-3972
-4240
-4144
-4136
-4056
-4412
-4280
-4384
-4268
-4260
-4400
-4196
-4468
-4256
-4260
-4188
-4148
-4084
-4468
-4460
-4128
-4112
-4608
-4392
-4264
-4188
-4272
-4436
-4196
-4088
-4208
-4220
-4316
-4336
-4236
-4348
-4440
-4124
-4252
-4248
-4140
-4380
-4400
-4376
-4108
-4292
-4240
-4212
-3912
-4360
-4372
-4188
-4568
-4308
-4044
-4248
-4404
-4628
-4288
-4232
-4236
-4448
-4196
-4376
-4576
-4252
-4132
-4324
-4452
-4228
-4396
-4612
-4296
-4452
-4376
-4216
-4128
-4480
-4484
-4592
-4112
-4328
-4604
-4280
-4416
-4112
-4056
-4276
-4204
-4008
-3936
-4352
-4244
-4324
-4272
-4648
-4360
-4448
-4144
-4396
-4012
-4340
-4288
-4372
-4332
-4244
-4216
-4328
-4300
-3776
-4208
-4352
-4136
-4344
-4268
-4192
-4108
-3976
-3820
-4192
-4224
-4420
-4332
-4208
-4236
-4140
-4424
-4252
-4480
-4420
-4008
-4092
-4208
-4324
-4292
-4404
-4176
-4176
-4300
-4336
-4264
-4036
-3980
-4216
-4088
-4160
-4508
-4072
-4312
-4344
-4120
-4096
-4164
-4164
-4268
-4468
-4228
-4248
-4084
-3928
-4064
-3948
-4408
-4252
-4216
-4180
-4160
-4088
-4324
-4252
-4104
-4248
-4124
-4292
-4300
-4180
-4352
-3852
-4060
-4356
-4368
-4184
-3968
-4496
-4584
-4480
-4340
-4028
-4296
-4192
-4156
-4100
-4192
-4228
-4076
-4400
-4052
-4408
-4280
-4240
-4380
-4024
-4420
-4336
-4096
-4440
-4296
-4304
-4420
-4252
-4452
-4348
-4472
-4260
-4224
-4244
-4336
-4388
-4396
-4200
-4288
-4288
-4272
-4576
-4328
-4324
-4268
-4284
-4292
-4484
-4344
-4004
-4460
-4488
-4540
-4316
-4128
-4148
-4508
-4392
-4224
-4248
-4216
-4332
-4228
-4164
-4344
-4236
-4556
-4196
-3972
-4320
-4268
-4236
-4360
-4252
-4364
-4032
-4056
-4364
-4092
-4132
-4000
-4168
-4148
-4188
-4148
-4100
-4264
-4248
-4240
-4320
-4252
-4320
-4096
-4260
-4236
-4168
-4164
-4488
-4308
-4276
-4160
-4024
-4340
-4056
-4424
-4420
-4436
-4136
-4232
-4156
-4032
-4396
-4160
-4432
-4596
-4428
-4380
-4592
-4236
-4156
-4264
-4260
-4132
-4056
-4152
-4184
-4368
-4420
-4256
-4444
-4388
-4492
-4208
-4212
-4408
-4584
-4636
-4444
-4136
-4308
-4344
-3956
-4256
-4496
-4448
-4192
-4256
-4088
-4212
-4412
-4376
-4008
-4340
-4100
-4360
-4284
-4076
-4272
-4456
-4408
-4184
-4100
-4184
-4016
-4296
-4100
-4044
-4260
-4480
-4376
-4404
-4300
-4320
-4200
-4244
-4244
-4164
-4232
-4344
-4400
-4068
-4272
-4032
-4184
-4424
-4252
-4460
-4460
-4296
-4100
-4248
-4052
-4568
-4252
-4552
-4504
-4336
-4452
-4188
-4132
-4132
-4440
-4184
-4204
-4020
-4256
-4336
-4324
-4276
-4300
-4292
-4144
-4044
-4284
-4312
-4520
-4440
-4244
-4192
-4192
-4308
-4220
-4436
-4448
-4308
-4360
-4184
-4256
-4428
-4264
-4344
-4336
-4088
-4224
-4512
-4180
-4516
-4332
-4300
-4584
-4388
-4436
-4420
-4312
-4368
-4484
-4644
-4564
-4344
-4152
-4316
-4168
-4348
-4216
-4516
-4308
-4092
-4160
-4164
-4556
-4276
-4156
-4352
-4304
-4424
-4184
-4120
-3932
-4252
-4204
-4308
-4308
-4280
-4556
-4388
-4260
-4348
-4396
-4540
-4260
-4228
-4244
-4312
-4292
-4116
-4060
-4044
-4244
-4380
-4292
-4364
-4468
-4216
-4212
-4076
-4056
-4256
-4152
-4200
-4432
-4092
-4248
-3892
-4404
-4308
-4288
-4108
-4172
-4284
-4588
-4248
-4456
-4156
-4240
-4164
-4236
-4324
-4476
-4284
-4392
-4476
-4416
-4408
-4232
-4176
-4536
-4276
-4436
-4440
-4280
-4500
-4308
-4196
-4468
-4496
-4060
-4356
-4332
-4588
-4860
-4428
-4236
-4480
-4520
-4304
-4600
-4152
-4128
-4360
-4376
-4248
-4312
-4168
-4008
-4068
-4160
-4160
-4104
-4664
-4004
-4248
-4232
-4212
-4052
-4736
-4320
-4228
-4276
-4356
-4588
-4552
-4184
-4460
-4456
-4240
-4580
-4376
-4488
-4132
-4420
-4244
-4436
-4404
-4204
-4316
-3944
-3900
-4404
-4216
-4128
-4344
-4444
-4380
-4260
-4468
-4328
-4136
-4268
-3844
-4432
-4348
-4404
-4384
-4400
-4384
-4168
-4252
-4268
-4344
-4304
-4320
-4316
-4212
-4012
-4344
-4424
-4388
-4480
-4480
-4336
-4720
-4748
-4100
-4188
-4256
-4156
-4240
-4024
-4212
-4072
-4380
-4376
-4104
-4212
-3836
-4308
-4288
-4284
-4224
-4296
-4196
-4432
-4556
-4924
-4276
-4400
-4504
-4572
-4364
-4336
-4364
-4132
-4328
-4164
-4356
-4232
-4332
-4308
-4232
-4424
-4284
-4184
-4268
-4344
-4380
-4108
-4328
-4468
-4412
-4564
-4460
-4336
-4072
-4176
-4464
-4408
-4568
-4308
-4400
-4380
-4312
-4296
-4096
-4232
-4368
-4244
-4412
-4124
-4192
-4380
-4316
-4384
-4292
-4456
-4132
-4252
-4320
-4380
-4400
-4076
-4260
-4384
-4540
-4332
-4476
-4480
-4256
-4228
-4472
-4192
-4140
-4408
-4096
-4308
-4412
-4152
-4308
-4324
-4320
-4184
-4092
-4272
-4128
-4044
-4608
-4404
-4376
-4488
-4324
-4116
-4280
-4396
-4332
-4408
-4376
-4228
-4344
-4300
-4708
-4360
-4224
-4420
-4192
-4272
-4164
-4328
-4200
-4220
-4296
-4356
-4148
-4056
-4172
-4248
-4304
-4136
-4168
-4456
-4588
-4316
-4224
-4324
-4468
-4072
-4264
-4028
-4352
-4292
-4100
-4032
-4048
-4044
-4064
-4288
-4228
-3932
-4212
-3956
-4184
-4296
-4072
-4196
-4436
-4100
-4488
-4460
-4460
-4112
-4168
-4432
-4152
-4164
-4384
-4360
-4160
-4340
-4204
-4276
-4076
-4404
-4320
-4176
-4688
-4164
-4092
-4256
-4096
-4076
-4068
-4220
-4140
-4260
-4176
-4132
-4468
-4172
-4072
-4184
-4076
-4212
-4268
-4388
-4612
-4252
-4220
-4312
-4360
-4580
-4240
-4228
-4376
-4472
-4328
-4436
-4144
-4164
-4192
-4320
-4500
-4388
-4152
-4340
-4408
-4332
-4584
-4596
-4380
-4200
-4196
-4380
-4228
-4120
-4088
-4460
-4160
-4004
-4244
-4364
-4172
-4152
-4192
-4172
-4228
-4380
-4200
-4344
-4392
-4108
-4432
-4200
-4264
-4448
-4156
-4256
-4316
-4396
-3924
-4424
-4516
-4260
-4404
-4012
-4176
-4348
-4320
-4364
-4192
-4316
-4044
-4236
-4340
-4332
-4416
-4096
-4184
-4224
-4392
-4452
-4568
-4212
-4288
-4172
-4160
-4328
-4072
-4528
-4168
-4276
-4196
-4396
-3972
-4320
-4128
-4152
-4140
-4016
-4144
-4008
-4068
-4216
-4360
-4364
-4412
-4232
-4256
-4196
-4060
-4200
-4356
-4320
-4364
-4072
-4328
-4348
-4336
-4080
-4412
-4276
-4584
-4548
-4204
-4676
-4248
-4084
-4284
-4324
-4136
-4264
-4428
-4440
-4240
-4068
-4492
-4616
-4388
-4476
-4436
-4416
-4596
-4456
-4644
-4400
-4184
-4148
-4180
-3940
-4200
-4436
-4296
-4360
-4260
-4352
-4168
-4252
-4088
-4312
-3972
-4308
-4484
-4572
-4552
-4196
-4176
-4228
-4408
-4264
-4168
-4168
-4288
-4460
-4424
-4444
-4568
-4484
-4044
-4352
-4144
-3980
-4112
-4468
-4176
-4188
-4284
-4300
-4156
-4440
-4380
-4304
-4260
-4252
-4144
-4112
-4372
-4264
-4340
-3988
-4212
-4156
-4056
-4360
-4224
-4324
-4156
-4452
-4564
-4440
-4188
-4132
-4228
-4192
-4264
-4380
-3936
-4148
-4300
-4224
-4096
-4456
-4220
-4472
-4664
-4292
-4424
-4188
-4288
-3800
-4484
-4344
-4632
-4012
-4228
-4316
-4044
-4332
-4192
-4352
-4304
-4364
-4116
-4592
-4200
-4204
-4444
-4272
-4332
-4288
-4460
-4460
-4344
-4384
-4540
-4348
-4420
-4220
-4376
-4388
-4452
-4364
-4240
-4148
-4020
-4136
-4028
-4272
-4488
-4476
-4452
-4296
-4380
-4096
-4236
-4224
-4224
-4432
-3988
-3988
-4224
-4440
-4288
-4288
-4312
-4516
-4424
-4316
-4572
-4268
-4548
-4652
-4196
-4216
-4176
-4384
-4292
-4580
-4444
-4176
-4144
-4220
-4112
-4352
-4036
-4140
-4304
-4416
-4032
-4220
-4320
-4312
-3984
-3892
-4024
-4616
-4268
-4256
-4384
-4124
-4276
-4536
-4268
-4484
-4512
-3988
-4060
-4084
-3964
-4124
-4244
-4288
-4108
-4244
-4292
-4196
-4160
-4180
-4208
-4456
-4396
-4144
-4124
-4228
-4104
-4516
-4324
-4280
-4380
-4144
-4040
-4300
-4352
-4372
-4220
-4112
-4300
-4272
-4576
-4536
-4264
-4360
-4080
-4376
-4272
-4120
-4192
-4224
-4324
-4232
-4400
-4112
-4132
-4276
-4432
-4312
-4156
-4656
-4216
-4256
-4212
-4376
-4572
-4000
-4196
-4116
-4312
-4248
-4412
-4540
-4372
-4144
-4348
-4324
-4368
-4160
-4080
-4272
-4336
-4244
-4572
-4212
-4168
-4404
-4344
-4384
-4196
-4168
-4416
-4136
-4268
-4328
-4220
-4284
-4208
-4128
-4316
-4276
-4248
-4284
-4416
-4528
-4304
-4144
-4368
-4048
-4292
-4108
-4480
-4568
-4164
-4248
-4232
-4320
-4236
-4308
-4336
-4368
-4396
-4000
-4172
-4400
-4240
-4376
-4136
-4184
-4308
-4360
-4520
-4560
-4488
-4460
-4300
-4124
-4304
-4372
-4056
-3908
-4296
-4384
-4104
-4372
-4476
-4284
-4000
-4312
-4256
-3960
-4312
-4368
-4164
-4416
-4324
-4120
-4088
-4400
-4296
-4060
-4188
-4424
-4240
-4188
-4192
-4280
-4424
-4252
-4316
-4268
-4148
-4080
-4240
-4112
-4408
-4160
-4300
-4612
-4396
-4584
-4352
-4244
-4528
-4140
-4472
-4060
-4156
-4240
-4240
-4128
-4204
-4388
-4428
-4108
-4476
-4152
-4448
-4468
-4392
-4340
-4200
-4332
-4532
-4504
-4056
-4148
-4356
-4328
-4112
-4188
-4076
-4156
-4140
-4100
-4460
-4576
-4436
-4532
-4524
-4644
-4548
-4348
-4212
-4272
-4396
-4204
-4084
-4320
-4356
-4252
-4512
-4508
-4404
-4388
-4304
-4224
-4152
-4348
-4644
-4328
-4368
-4392
-4536
-4308
-4384
-4384
-4364
-4356
-4440
-4240
-4264
-4396
-4464
-4144
-3840
-4100
-4344
-4432
-4404
-4152
-4152
-4212
-4048
-4100
-4180
-4352
-4468
-4244
-4172
-4388
-4112
-4264
-4416
-4580
-4632
-4340
-4556
-4236
-4368
-4612
-4576
-4424
-4376
-4400
-4276
-4068
-4268
-4628
-4108
-4324
-4236
-4672
-4180
-4224
-4232
-4064
-4028
-4204
-4308
-4352
-4480
-4344
-4012
-4436
-4480
-4040
-4168
-4340
-4188
-4080
-4176
-4268
-4508
-4304
-4072
-4292
-4300
-4148
-4272
-4304
-4236
-4316
-4384
-4212
-4360
-4368
-4152
-4416
-4300
-4076
-4100
-4064
-4272
-4092
-4456
-4316
-4288
-4108
-4224
-4152
-4332
-4440
-4428
-4680
-4424
-4192
-4084
-4228
-4544
-4240
-4060
-4292
-4156
-4348
-4052
-4532
-4268
-4412
-4384
-4148
-4032
-4296
-4312
-4268
-4672
-3940
-4136
-4108
-4436
-4068
-4504
-4076
-4188
-4328
-4256
-4292
-4484
-4404
-4404
-4348
-4312
-4168
-4236
-4132
-4324
-4428
-4140
-3980
-4468
-4392
-4288
-4196
-4344
-4360
-4188
-4080
-4392
-4344
-4136
-4344
-4252
-4324
-4220
-4412
-4308
-4088
-4312
-4320
-4208
-4104
-4128
-4312
-4232
-4228
-4356
-4424
-4136
-4316
-4076
-4272
-4360
-4428
-4492
-4536
-4304
-4608
-4244
-4184
-4628
-4520
-4200
-4320
-4248
-4440
-4336
-4240
-4400
-4424
-4572
-4232
-4352
-4456
-4268
-4416
-4496
-4404
-3940
-4420
-4228
-4072
-4516
-4336
-4172
-4272
-4372
-4712
-4576
-4704
-4460
-3952
-4100
-4200
-4312
-4256
-4232
-4016
-4092
-4476
-4292
-4160
-4456
-3964
-4188
-4080
-4132
-4236
-4032
-4176
-4336
-4040
-4252
-4372
-4240
-4220
-4084
-4132
-4144
-4492
-4588
-4344
-4332
-4700
-4676
-4292
-4308
-4392
-4260
-4268
-4452
-4264
-4124
-4256
-4084
-4232
-4276
-4488
-4384
-4168
-4240
-4016
-4212
-4128
-4208
-4112
-4468
-4368
-4108
-4248
-4184
-4280
-4340
-4296
-4180
-4388
-4112
-4384
-4000
-4464
-4356
-4408
-4256
-4280
-4288
-4428
-4416
-4180
-4280
-4308
-4336
-4284
-4424
-4372
-4100
-4212
-4184
-4228
-4148
-4164
-4104
-4232
-4308
-4452
-4256
-4200
-4328
-4668
-4736
-4532
-4440
-4368
-4356
-4328
-4132
-4156
-4088
-4016
-4172
-4152
-4004
-4188
-4312
-3992
-3956
-4504
-4212
-4400
-4296
-4084
-4196
-4360
-4244
-4320
-4276
-4392
-4048
-4428
-4300
-4356
-4492
-4332
-4548
-4528
-4244
-4308
-4152
-4220
-4136
-4240
-4384
-4300
-4208
-4252
-4400
-4172
-4456
-4240
-4316
-4096
-4416
-4328
-4328
-4160
-4240
-4360
-4132
-4372
-4492
-4528
-4172
-4336
-4484
-4400
-4272
-4232
-4008
-4156
-4268
-4016
-4108
-4308
-4024
-4032
-4208
-4384
-4256
-4388
-4144
-4272
-4120
-4396
-4268
-4064
-4184
-4172
-4052
-4352
-4256
-4492
-4448
-4140
-4324
-4156
-4748
-4104
-4108
-4364
-4344
-4280
-4204
-4432
-4156
-4572
-4324
-4628
-4420
-4428
-4516
-4096
-4196
-4176
-4240
-4044
-4292
-4440
-4400
-4440
-4172
-4348
-4336
-4432
-4528
-4472
-4396
-4208
-4316
-3984
-4140
-3976
-4112
-4112
-4060
-4128
-4236
-4544
-4308
-4304
-4380
-4208
-3852
-4216
-4368
-4224
-4060
-4348
-4212
-4384
-4232
-4540
-4132
-4060
-4144
-4424
-4300
-4556
-4464
-4548
-4236
-4484
-4440
-4500
-4000
-4384
-4416
-4308
-3988
-4348
-4112
-4012
-4112
-4124
-4204
-4548
-4292
-4260
-3984
-4368
-4036
-4036
-4356
-4376
-4408
-4376
-4332
-4220
-4476
-4136
-4404
-4312
-4376
-4236
-4176
-4152
-4244
-4164
-4364
-4648
-4128
-4312
-4468
-4300
-4532
-3988
-4184
-4248
-4328
-4456
-4528
-4356
-4616
-4284
-4408
-4312
-4508
-4136
-4244
-4232
-4336
-4160
-4328
-4240
-4200
-4336
-4148
-4268
-4560
-4596
-4364
-4244
-4212
-4144
-4328
-4424
-4392
-4308
-4176
-4180
-4724
-4232
-3896
-4556
-4364
-4548
-4424
-4292
-4152
-4312
-4524
-4192
-4196
-4448
-4344
-4368
-4276
-4272
-4200
-4336
-4448
-4384
-4588
-4532
-4212
-4432
-4348
-4328
-4348
-4088
-3952
-3948
-4220
-4068
-4368
-4112
-3960
-4104
-4400
-3796
-4148
-4172
-4556
-4232
-3956
-3932
-4412
-3904
-4092
-4120
-4492
-4168
-4364
-4400
-4240
-4280
-4164
-4032
-4384
-4236
-4260
-4256
-4404
-4556
-4176
-4180
-4300
-4220
-4364
-4352
-4000
-4224
-4304
-4428
-4292
-4512
-4220
-4036
-4176
-4212
-4220
-4300
-4040
-4364
-4324
-4128
-4136
-4124
-3984
-4268
-4464
-4716
-4376
-4496
-4676
-4224
-4248
-4088
-4356
-4368
-4400
-4284
-4200
-4044
-4492
-4448
-4172
-3896
-4036
-4256
-4164
-3920
-4316
-4276
-4356
-4404
-3972
-4144
-4368
-4520
-4452
-4044
-4040
-4160
-4140
-4400
-4440
-4400
-4364
-4152
-4288
-4144
-4096
-4264
-4240
-4116
-4312
-4588
-4296
-4348
-4264
-4084
-4156
-4256
-4068
-4076
-4632
-4048
-4288
-4484
-4448
-4152
-4180
-4644
-4260
-4420
-4288
-4044
-3908
-4388
-4156
-4268
-4048
-4264
-4168
-3928
-4176
-4096
-4072
-4388
-4564
-4304
-4192
-4332
-4176
-4492
-4476
-4256
-3888
-4172
-4292
-4208
-4276
-4184
-4268
-4420
-4640
-4320
-4728
-4180
-4232
-3960
-4228
-4216
-4096
-4316
-3864
-4308
-4068
-4084
-4024
-3980
-3824
-4632
-4172
-4524
-4416
-4124
-4264
-3976
-4244
-4500
-4220
-4380
-4168
-4404
-3852
-4080
-4316
-4004
-4388
-4184
-4176
-4176
-4160
-4168
-4384
-4344
-4476
-4284
-4380
-4180
-4144
-4260
-4160
-3904
-4204
-4416
-4276
-4308
-3996
-4564
-4264
-4236
-4068
-4324
-4372
-4248
-4332
-4228
-4188
-4448
-4140
-4136
-4172
-4380
-4172
-4308
-4060
-4108
-4068
-4244
-4332
-4216
-4236
-4176
-4020
-4312
-4468
-4100
-4264
-4488
-4120
-4172
-4212
-4308
-4220
-4316
-4316
-3980
-4116
-4572
-4464
-4572
-4192
-4040
-4324
-4016
-3936
-4316
-4240
-3996
-4360
-4244
-4164
-4252
-4000
-4296
-3964
-4024
-4140
-4088
-4644
-4332
-4188
-4176
-3952
-4172
-4296
-4316
-4620
-4100
-4508
-4192
-4192
-4432
-4244
-4228
-4356
-4468
-4228
-4324
-4352
-4352
-4188
-4252
-4292
-4324
-4292
-4196
-4112
-4308
-4144
-4484
-4532
-4368
-4308
-4096
-4420
-4348
-4348
-4296
-4316
-4264
-4348
-4564
-4216
-4208
-4260
-4108
-4368
-4180
-4268
-4380
-4360
-4264
-4192
-4308
-4376
-4508
-4488
-4292
-4324
-4096
-4444
-4588
-4612
-4388
-4440
-4076
-4160
-4360
-4208
-4336
-4072
-4576
-4368
-4324
-4356
-4260
-4320
-4332
-4384
-4356
-4536
-4336
-4136
-3792
-4184
-4108
-4200
-4112
-4248
-4612
-4352
-4092
-4060
-4192
-4396
-4136
-4180
-4436
-4240
-4552
-4508
-4216
-4388
-4240
-4060
-4408
-4500
-4244
-4432
-4292
-4196
-4380
-4376
-4432
-4504
-4356
-4232
-4468
-4332
-4532
-4108
-4260
-4204
-4204
-4708
-4036
-4380
-4368
-4404
-4360
-4324
-4380
-4076
-4332
-4604
-4496
-4328
-4072
-4364
-4080
-4328
-4492
-4280
-4064
-4352
-4468
-4216
-4380
-4528
-4332
-4368
-4596
-4164
-4176
-4196
-4288
-4176
-4168
-4356
-4300
-4476
-4224
-4220
-4304
-4224
-4236
-4044
-4472
-4240
-4112
-4396
-4552
-4276
-4432
-4288
-4232
-4384
-4304
-4352
-4160
-4348
-4208
-4360
-4164
-4168
-4340
-4396
-4264
-4104
-4376
-4452
-4500
-4508
-4088
-4200
-4348
-4452
-4272
-4184
-4164
-4000
-4128
-4236
-4508
-4088
-4252
-4180
-4212
-4192
-4400
-4528
-4428
-4172
-4264
-4464
-4160
-4336
-4388
-4480
-4516
-4288
-4500
-4232
-4220
-4160
-4252
-4284
-3996
-4252
-4140
-3944
-4164
-4400
-4220
-4468
-4572
-4032
-4356
-4428
-4140
-4224
-4192
-4320
-4272
-4356
-4212
-4304
-4552
-4444
-4268
-4208
-4176
-4164
-4316
-4320
-4508
-4156
-4336
-4280
-4548
-4336
-4128
-4264
-4244
-4208
-4184
-4364
-4576
-4080
-4128
-4208
-4412
-4352
-4464
-4568
-4308
-4232
-3920
-4080
-4344
-4140
-4372
-4364
-4584
-4512
-4400
-4520
-4428
-4276
-4412
-4220
-4328
-4268
-4292
-4420
-4168
-4204
-4396
-4452
-4480
-4384
-4236
-4524
-4388
-4372
-4208
-4096
-4288
-4096
-4228
-4040
-4180
-4188
-4296
-4456
-4180
-4436
-4540
-4460
-4432
-4188
-4160
-4164
-4048
-4480
-4284
-4228
-4068
-4144
-4112
-4088
-3976
-4128
-4220
-4576
-4408
-4296
-4392
-4196
-4248
-4424
-4264
-4112
-4164
-4248
-4288
-4448
-4324
-4220
-4128
-4316
-4236
-4324
-4476
-4296
-4284
-4228
-4352
-4244
-4444
-4540
-4240
-4424
-4244
-4304
-4436
-4212
-4064
-4164
-4044
-3928
-4344
-4508
-4188
-4388
-4380
-4276
-4504
-4428
-4280
-4400
-4180
-4376
-4512
-4696
-4384
-4472
-4568
-4388
-4404
-4188
-4000
-4636
-4372
-4284
-4464
-4200
-4204
-3820
-4140
-4464
-4600
-4284
-4276
-4260
-4200
-4160
-4096
-4136
-4236
-4092
-4268
-4388
-4348
-4192
-4324
-4256
-4288
-4408
-4232
-4276
-4332
-4380
-4044
-4204
-4036
-4124
-4248
-4288
-4500
-4048
-4232
-4372
-4324
-4148
-4076
-4268
-4292
-4404
-3952
-4272
-4584
-4344
-4284
-4156
-4168
-4292
-4396
-4064
-4228
-4132
-4168
-4336
-4224
-4048
-4276
-4216
-4368
-4420
-4420
-4396
-4244
-4112
-4372
-4456
-4528
-4132
-4140
-4208
-4068
-4100
-4360
-4448
-4284
-4160
-4252
-4372
-4512
-4352
-4104
-4396
-4380
-4224
-4160
-4300
-4444
-4188
-4056
-4156
-4180
-4248
-4396
-4452
-4324
-4084
-4072
-4552
-4312
-4296
-4040
-4016
-4356
-4344
-4248
-4312
-4188
-4096
-4120
-4244
-4256
-4392
-4644
-4476
-4508
-4064
-4072
-3956
-4164
-4252
-4272
-4476
-4096
-4040
-4132
-4556
-4180
-4232
-4420
-4648
-4428
-4264
-4468
-4288
-4008
-4164
-3840
-4008
-4100
-4288
-4460
-4200
-4180
-4452
-4008
-4312
-4064
-4536
-4132
-4060
-3956
-4160
-4180
-4192
-4460
-4224
-4040
-4380
-4200
-4224
-4340
-4392
-4452
-4296
-4288
-4220
-4484
-4460
-4448
-4496
-4208
-3964
-4228
-4340
-4532
-4380
-4396
-4168
-4384
-4196
-4488
-4152
-4232
-4760
-4272
-4268
-4308
-3928
-4080
-4156
-3932
-4332
-4156
-4208
-4268
-4128
-4384
-4272
-4316
-4220
-4452
-4252
-4380
-4132
-4628
-4260
-4276
-4156
-4172
-4044
-4356
-4520
-4448
-4396
-4208
-4084
-3936
-4172
-4176
-4540
-4068
-4484
-4204
-4360
-4384
-4440
-4152
-4176
-4344
-4320
-4704
-4432
-4260
-4272
-4376
-4464
-4348
-4068
-4436
-4344
-4176
-4428
-4368
-4076
-4204
-4312
-4328
-4160
-4240
-4356
-4448
-4580
-4384
-4560
-4416
-4444
-4244
-4304
-4352
-4220
-4236
-4212
-4508
-4552
-4480
-4472
-4216
-4192
-4076
-4252
-4188
-4300
-4200
-4188
-4364
-4420
-4352
-4452
-4144
-4272
-4260
-4376
-4384
-4160
-4284
-4216
-4184
-4264
-4388
-4356
-4560
-4216
-4556
-4416
-4424
-4332
-4420
-4320
-4432
-4392
-4320
-4388
-4612
-4604
-4452
-4152
-4500
-4560
-4336
-4332
-4256
-4388
-4636
-4404
-4156
-4288
-4456
-4408
-4016
-4388
-4336
-4492
-4156
-4168
-4120
-4552
-4312
-4612
-4148
-4248
-4156
-4392
-4196
-4328
-4324
-4172
-4056
-4416
-4136
-4056
-4400
-4320
-4384
-4176
-4120
-4408
-4652
-4340
-4152
-4300
-4100
-3800
-4292
-4192
-4288
-4276
-4672
-4524
-4588
-4180
-4116
-4396
-4444
-4244
-4172
-4168
-4328
-4040
-4236
-4656
-4308
-4512
-4084
-4316
-4428
-4432
-4336
-4380
-4360
-4152
-4268
-4228
-4188
-4156
-4288
-4392
-4356
-4432
-4300
-4192
-4444
-4500
-4392
-4284
-4112
-4252
-4156
-4468
-4208
-4104
-4424
-4320
-4144
-4136
-4160
-4268
-4196
-4244
-4292
-4012
-4100
-4132
-4164
-4232
-4604
-4368
-4304
-4104
