-20
24
-64
-200
-136
-182
-50
-228
-248
-264
-72
240
-28
20
10
-46
-234
-56
82
64
-126
2
108
-12
20
110
-198
-222
-138
-194
-156
66
70
54
0
-34
-56
132
54
0
180
286
170
-8
-22
86
282
192
150
350
168
10
-50
-222
-258
16
48
-12
186
248
200
-102
-16
228
332
78
278
364
98
90
10
-50
-58
26
150
14
-60
-34
-138
-86
140
-120
58
116
190
318
58
-154
84
22
38
-72
188
94
-234
-242
-182
-68
12
-246
-230
-270
-100
-184
-24
-184
-296
28
102
198
92
-110
-48
-34
-26
-36
-24
90
-20
218
30
104
118
40
170
-16
-192
-268
-266
-28
-178
164
-6
-98
12
-232
-32
-142
-200
-274
-4
-116
-44
192
248
162
-122
-58
-24
292
274
260
96
-68
-72
64
32
-198
-328
-10
216
8
-258
-12
-44
70
34
-10
-66
-144
-30
86
198
42
0
-160
-158
-164
-106
140
110
-28
-94
16
-208
88
242
326
298
246
222
-58
-110
-46
-156
-20
76
12
-36
-150
-210
-126
-8
-72
-180
-48
138
46
-64
-44
44
-126
-210
-118
-36
20
38
-242
-92
122
28
-68
-116
176
66
-24
-112
6
-110
-8
102
36
24
-222
-258
-240
-318
-166
148
286
176
-18
-140
58
-72
76
60
-142
-180
-66
-122
-194
-30
32
140
148
198
156
50
140
-70
-82
-94
-2
220
-14
120
240
88
-190
-250
-348
-30
122
138
-58
-90
116
-166
-266
-96
62
10
-370
-288
84
22
90
80
286
252
250
60
198
30
-280
-224
48
62
168
228
328
86
18
160
332
376
246
308
270
384
14
-154
-112
-402
-138
-10
-270
-350
196
58
84
188
264
172
248
-14
-24
-94
58
116
150
48
-24
86
304
238
80
152
78
146
176
224
276
274
330
116
-94
198
28
170
94
18
36
-50
2
-188
16
-112
10
74
34
-160
-158
-312
-220
-40
-122
-232
-160
-62
74
262
86
52
110
-26
-240
-268
-226
-182
-302
-114
-62
-120
-80
90
140
-38
-124
-6
-190
22
62
36
-208
-98
-250
-128
8
-34
-126
68
-36
166
396
312
148
-14
-118
-146
36
180
-104
-144
-120
50
342
358
198
110
-58
-124
20
-78
-198
-138
114
14
90
4
-86
-148
-24
-48
-138
-212
-308
90
-46
-172
-214
-198
4
-16
108
224
204
134
-134
62
146
106
-44
56
30
26
-78
-194
-4
70
-110
20
-44
-192
10
14
26
-164
-188
-308
-248
-108
-62
42
-152
-128
6
-188
-240
-210
-204
-204
-120
80
152
38
-318
-504
-332
-216
-148
206
-44
52
70
6
160
116
118
-332
-14
-116
-22
74
-14
-26
78
128
22
54
174
266
186
134
312
106
272
244
138
94
208
112
-104
114
82
98
12
-116
66
-26
78
304
30
38
-54
-6
-64
-80
-242
-256
-92
-22
66
86
4
114
192
-8
-204
-228
-100
-92
-116
-42
210
228
338
42
-122
-294
-476
-386
-442
-566
-326
-366
-202
-324
-218
-184
-290
-156
-186
88
-18
102
102
-4
-36
82
70
186
-72
110
58
58
-156
-98
20
164
152
190
-6
-178
-296
26
-120
-122
12
106
206
168
170
240
-14
20
-208
-298
-432
-306
8
164
-4
82
190
10
130
252
266
118
-70
-174
-124
-264
-262
-46
-134
-50
-190
172
228
92
84
232
-162
-102
-174
-100
-108
-60
-70
-116
-156
-26
136
14
32
364
510
488
190
160
348
392
122
18
50
106
280
672
676
566
420
290
-18
-64
30
-36
130
116
20
-138
-250
-192
-138
64
-72
-160
-10
64
60
66
-172
-62
90
-52
24
-136
-232
-174
-228
-116
-24
-18
202
-100
-112
16
164
222
352
264
98
20
36
104
148
94
60
-36
-54
-10
-264
-112
-54
-110
-248
-232
-240
54
-86
102
38
180
110
162
172
110
-38
-196
-44
96
142
178
210
86
-66
-142
-208
-96
-132
-308
-364
-282
28
222
364
4
202
80
190
166
212
78
-220
-92
-242
-436
-160
-24
12
-90
62
-14
-60
-106
-170
54
34
26
-86
-174
-388
-184
-74
6
-4
-52
-16
102
28
-62
-64
-246
-110
-234
-162
-132
-462
-22
38
14
-212
-210
66
-90
-38
-76
-224
-166
-348
48
-24
234
204
-28
54
74
206
0
-60
88
62
144
126
240
272
336
330
150
18
92
126
-222
-312
-298
-210
-136
230
16
-218
-310
-170
-164
-168
-144
-144
-200
-182
-158
-250
-100
-416
-154
-122
-34
-56
-178
-164
-278
-6
-32
68
84
-234
-180
-280
-212
42
244
324
530
308
306
384
224
-120
64
-160
148
-20
100
32
-64
-244
8
-24
-6
106
-20
58
-130
-220
-228
-396
-256
-46
-50
-168
-62
-64
-62
-8
136
150
-116
-136
-118
-150
-166
62
-150
-68
-38
302
214
118
260
220
354
212
60
50
202
-64
-88
-28
88
98
-44
-64
98
218
98
-64
-90
50
26
-152
-96
-120
16
-82
-122
-304
-304
-258
-264
-278
-166
98
46
-26
132
192
240
176
44
-20
94
-104
30
-54
122
24
-176
-52
108
62
104
228
108
24
108
40
50
-190
-22
180
-48
74
84
-50
168
-18
36
262
222
420
226
-54
-228
-36
64
-138
-80
24
80
-96
-18
0
-16
2
92
-74
-102
-106
-82
-86
92
14
32
42
70
174
-40
-78
-66
-100
-180
178
14
4
-216
66
8
-128
-44
-78
-230
-214
-254
74
92
-74
-4
24
154
188
198
90
322
156
334
220
-22
44
174
108
-26
-88
-28
108
-90
-88
-226
-196
-260
-20
-28
98
106
-18
-174
-80
154
40
178
104
146
136
-12
-100
-14
-132
-112
-140
-132
-294
-144
-232
-164
-4
84
68
-54
-34
-140
-2
314
224
94
-52
172
48
390
24
-66
46
-112
44
-80
-188
-168
10
-186
-306
-552
-576
-362
-336
-176
-118
68
-44
-174
-158
-132
-102
-256
-42
-30
38
188
56
-186
-28
8
30
-102
-204
-18
8
-14
32
328
232
-52
-204
-70
66
-214
-118
-64
-60
-306
-432
-372
-642
-430
-282
-230
-156
22
16
180
174
156
92
310
210
-92
-32
-68
-162
122
-154
-226
-214
-34
-28
-4
-22
70
-114
66
296
-50
8
104
-58
-30
-36
84
68
-256
-252
-44
46
62
-126
-6
-16
46
-136
-74
-32
50
308
94
266
352
46
102
232
88
-34
-12
80
118
-76
-84
152
150
-136
-254
-202
88
-58
-180
-82
-62
-122
-28
-22
106
72
132
76
112
92
48
94
80
142
8
98
168
218
322
108
170
188
34
-262
-216
-4
-102
-72
-128
-52
112
194
20
52
260
184
6
250
142
186
258
256
2
82
-124
-184
74
-20
106
150
-208
-358
-256
-376
-102
-72
-36
-196
-110
-72
-22
140
-58
80
-6
-60
56
114
-22
72
-170
-314
-428
-376
-294
-132
-276
-172
-194
-100
-174
-290
-324
-366
-274
-100
58
-78
-14
-152
42
108
82
86
-96
28
-148
-86
-42
110
76
-168
40
264
24
-46
104
-90
-80
-28
70
360
256
154
210
180
176
172
188
8
70
4
-24
-34
138
56
-102
-242
-232
-150
-302
-90
-236
-114
-90
-128
-92
-154
-12
236
230
66
-94
-216
30
332
208
308
34
-66
-88
34
24
42
-150
56
142
232
166
36
-56
-50
68
30
-214
-24
-74
54
-128
-212
-158
-84
-234
176
-194
88
236
142
164
14
96
178
268
168
16
98
302
290
-46
-82
-172
-200
-30
42
-282
-216
-242
-286
-8
24
-392
-292
-34
84
272
196
296
64
16
-18
50
294
178
50
-26
316
248
132
156
-4
-54
-134
-22
-264
-56
164
114
184
304
114
140
138
136
124
188
284
182
130
52
-12
-4
326
228
176
-318
-46
88
138
50
-274
-84
-92
56
-154
-224
-312
44
296
356
358
74
198
92
-188
-138
-204
6
-210
-84
-18
154
-6
108
484
332
240
458
222
358
308
262
-50
-210
-40
170
194
34
-90
-52
-68
42
-28
88
392
610
334
340
216
200
8
46
-182
-140
-234
-268
-68
-96
-352
-220
-274
-42
34
-56
-116
-314
20
138
-20
166
126
162
288
248
384
182
148
60
-64
-28
156
88
-34
10
46
-132
-14
-60
-356
-248
20
188
82
210
196
230
188
64
242
64
96
54
136
-100
-224
48
0
24
-86
-58
6
-92
66
100
12
274
208
82
-94
60
170
18
72
140
42
72
48
-244
-194
82
124
68
-38
-6
110
236
78
-108
-58
-118
88
136
186
96
44
-12
196
42
-74
-104
18
-12
18
-114
0
188
272
316
224
-88
82
76
-42
-280
54
54
40
140
30
122
192
-110
-96
54
22
194
-156
-50
6
-44
66
-154
-114
-364
-542
-300
-106
-52
14
44
-200
30
132
-12
48
148
44
-248
56
12
60
58
-4
82
212
90
2
116
304
310
344
614
236
28
-150
82
8
-90
-178
-246
-130
14
282
220
312
232
208
-26
50
26
42
0
106
88
-202
50
144
-34
24
0
-6
-180
-442
-92
0
-32
-76
-126
68
-4
-124
172
78
164
30
-28
-126
-10
84
28
-8
146
106
52
178
108
-18
82
-178
-56
-60
-268
-82
24
-30
250
92
122
106
-162
-8
78
54
182
202
-38
48
-108
-106
-6
146
34
184
122
164
166
354
34
202
34
-30
-150
-184
288
94
-104
50
-68
158
82
-174
-62
-72
-122
-176
-52
46
150
38
112
76
170
98
-78
16
308
66
68
206
292
6
128
64
-290
-124
-88
-146
-154
-92
-70
46
24
156
-28
156
156
68
-218
-100
-228
-226
-102
-48
-18
-112
-68
-4
-214
-88
-132
-94
-198
-388
-240
-96
-152
-14
160
260
134
126
48
218
24
-96
4
192
16
358
432
76
362
376
330
368
-4
198
136
22
106
-126
-178
22
132
42
12
110
244
118
-180
-52
210
122
230
378
-22
-92
26
44
-316
-80
-70
-6
-114
-180
-48
32
40
178
50
-24
-62
-132
-196
-86
168
124
362
110
304
222
66
54
-84
108
164
256
300
-104
-226
-208
-50
-168
-188
-76
-246
-152
-158
-98
-378
-362
-398
-310
-220
154
-12
120
268
110
32
2
-16
240
134
262
306
206
34
200
92
46
256
310
362
320
308
194
80
146
12
224
74
178
-152
-174
-68
-170
-154
-178
-56
-90
-46
252
-28
-20
-18
-194
76
-156
8
264
96
36
36
56
208
74
202
-2
-12
22
150
200
390
210
344
346
142
-26
-96
-264
-138
176
384
248
124
234
150
0
222
-62
-98
-154
-176
34
-138
-200
-222
-102
-2
68
-150
70
188
78
112
156
258
402
82
62
-78
184
232
228
462
284
126
-8
48
-284
-188
-58
-210
-284
-110
-84
28
142
100
28
88
22
-16
-146
-90
-70
86
-14
-232
-114
-250
-248
-70
34
18
-230
-70
-12
-66
100
116
-164
-44
-308
-282
-170
-68
10
72
252
138
170
342
134
-118
-186
-220
-98
42
154
84
154
270
68
22
-2
-246
-196
88
134
216
-10
88
260
104
284
162
-194
-82
-12
160
396
-70
-98
-96
-166
46
-224
-74
-80
-40
-220
-30
-276
-296
-294
-192
-96
-110
-76
112
38
-140
144
70
-30
-114
-414
-306
-186
-398
-228
-126
216
186
80
-70
-236
-250
-170
-56
-152
-76
-160
-72
-52
-138
64
-190
-62
8
18
-30
72
26
272
132
-16
14
-24
-158
12
-228
-288
62
246
196
76
136
240
144
64
102
-68
-172
-358
-172
-170
-96
-68
-66
38
-212
50
-66
20
-116
96
18
28
2
132
-64
120
368
358
78
182
120
-12
-12
84
58
-36
-168
-220
14
-44
-262
-144
-76
-54
-92
46
56
8
180
114
58
-50
-150
-158
90
-156
-290
0
296
2
-2
34
44
-170
-104
-198
-60
-32
-42
-52
-158
36
-88
74
134
128
180
82
120
340
44
-44
74
258
82
38
-38
32
286
216
246
260
368
100
248
-22
-6
-68
-66
-126
-48
80
-18
4
166
136
106
78
-44
-150
36
82
164
212
310
-100
-122
-62
150
-120
-278
-168
-106
-220
-212
-72
-52
-188
18
90
-70
100
50
48
12
-34
-200
114
136
-74
-178
-118
-12
-206
-190
-178
-322
-210
-188
-176
-164
-110
-220
-372
-152
-104
34
-146
-144
-154
-128
28
28
76
128
-196
44
70
28
-72
26
72
248
170
48
-94
-14
-138
-182
-268
-266
-40
168
48
-142
-180
-226
-4
92
-52
-156
98
156
14
-56
-216
-222
-180
-244
-146
-218
-218
-174
-22
58
-128
-158
146
396
254
120
356
312
-42
-76
-76
-74
108
-214
40
-56
-152
-264
-364
-186
-154
6
44
-176
-74
-234
-190
-24
-222
-142
-78
-180
88
-18
-22
104
220
70
70
104
-18
-158
-32
12
122
90
138
42
-12
42
260
244
172
166
314
264
200
-64
196
300
134
204
356
390
384
282
270
300
132
-226
-130
110
282
196
118
138
58
-124
-108
-88
-252
-88
-252
-76
110
-10
24
-14
-58
70
108
286
262
168
214
-12
288
122
-26
-248
-90
142
190
-84
-290
-270
200
180
78
48
-18
164
166
270
218
440
520
492
342
202
372
144
4
186
268
68
172
94
-6
-152
-190
70
172
188
12
-56
-20
-138
-14
-120
-118
-86
-206
-130
-98
-32
138
208
-70
20
68
26
-42
126
36
6
-262
-78
46
92
80
4
-4
80
146
240
18
-8
34
320
78
112
-38
252
32
224
334
12
-18
150
262
50
-208
-92
-28
90
16
18
-90
120
212
330
206
104
286
402
334
300
324
400
402
214
282
-64
-248
24
-104
40
-124
-342
-214
-186
-274
-68
-350
-146
-174
-196
-14
56
184
154
62
138
192
-2
60
-50
56
44
-36
-342
-304
-124
-94
-24
2
-106
-326
-210
-232
-162
-42
188
248
144
64
150
-26
-76
-168
-136
62
-74
228
312
72
272
304
262
272
220
156
10
58
182
-2
24
4
-34
12
112
-208
-182
-256
-48
272
180
198
68
-68
-52
-18
-84
-58
-70
-126
-120
20
-106
-104
24
42
0
196
84
208
246
-94
-346
-166
-202
-114
-156
-240
-164
132
280
62
-106
-108
-142
2
-214
-96
-346
-286
-248
-154
-206
-284
-192
-70
64
266
244
54
-230
-36
-146
-118
-260
-60
-12
-240
-326
-14
4
46
128
94
64
12
-238
-10
-40
114
102
52
272
334
90
-216
-228
-106
58
4
78
-22
-20
-12
-62
130
198
82
38
26
192
54
-68
-26
44
168
-44
-120
-112
-104
6
102
-182
-24
206
262
78
-98
-126
-62
154
108
116
228
116
108
18
-86
-86
-128
-26
38
24
66
-100
-68
-46
-262
-22
-266
-260
66
100
-80
-136
0
-22
-188
-290
-170
212
164
-4
104
-82
-80
-342
-94
-46
8
-120
-376
-122
50
-68
-272
-68
-216
-226
-124
206
90
-16
78
74
56
256
158
-136
-366
-178
-184
-274
-186
-112
-206
-16
46
108
144
-128
-104
60
52
138
42
106
-78
28
-120
-192
166
10
96
0
-28
-166
-92
30
156
86
286
340
86
-116
134
30
74
72
280
56
88
86
98
76
-140
-204
-36
-140
-198
-222
-194
40
108
162
24
-160
-190
-144
-30
124
216
186
46
174
-60
-118
-398
-196
-216
-66
28
144
-48
-6
136
36
238
280
12
-128
184
224
346
314
326
64
54
-96
-98
-64
78
-24
98
-6
-34
68
86
58
214
100
56
86
-204
-186
-74
74
238
212
-8
-246
-156
-80
194
138
-64
-192
94
162
-92
112
146
68
-174
126
-40
-48
-92
186
148
210
226
142
26
-24
-84
-220
-86
-202
-182
-240
-238
-252
-310
-130
-62
88
124
-156
-82
-40
-318
-164
-22
22
-116
-88
-36
-76
172
198
370
266
342
268
84
-74
64
-32
100
220
46
132
132
274
74
262
-126
-94
-164
-98
106
2
-214
-98
-30
-112
-230
-40
-12
52
-38
-256
-94
-94
-236
-86
132
114
228
-144
138
12
240
76
4
-60
-12
-190
-96
-100
-14
-32
176
18
100
102
220
402
114
118
158
210
406
322
312
98
212
274
308
20
-102
54
40
228
510
146
40
124
422
26
-24
48
44
-154
-296
-146
-58
20
-176
138
30
-142
234
-8
-84
-94
-8
108
246
172
60
28
52
166
-44
52
74
-4
62
-80
-48
-126
-206
-82
22
88
166
204
152
176
154
300
328
298
106
-178
-210
-152
-188
-66
-68
-62
98
-122
98
246
54
198
166
336
176
68
154
192
148
-24
-68
82
92
-8
-86
58
76
-48
-18
220
382
190
172
-46
-20
80
-82
-54
-92
104
154
154
-92
-92
-2
-2
26
132
354
224
208
-62
80
86
-100
96
174
388
276
52
-58
-92
-296
-450
-220
-180
-80
-48
62
0
-58
-38
-88
-130
-46
-78
-232
-104
-122
6
-32
-88
90
18
2
-8
110
64
88
-92
0
66
94
-70
214
124
86
268
126
94
114
80
6
148
262
222
-130
-188
-58
-320
-144
86
300
122
84
42
24
-190
-114
-10
-90
-406
-126
-32
22
290
90
194
-148
-146
-324
-248
58
20
156
60
70
30
-90
-308
-238
-162
-142
-38
-192
-120
14
-210
60
-24
10
-294
-404
-164
-94
-148
76
288
356
174
-46
-320
-108
-274
-376
-270
-176
-22
-6
36
-6
60
60
90
166
120
184
158
-60
218
130
94
-40
74
52
-66
-48
-200
-356
-212
-82
-166
134
-40
-192
-162
-370
-398
-530
-116
-274
-246
-136
-20
86
48
-166
-190
22
-16
40
-152
-262
-50
-112
-134
20
176
278
140
54
-308
-150
-214
-162
-70
86
-46
84
-48
138
18
-362
-162
-22
204
80
-12
-372
-74
178
22
-100
-350
-282
134
-22
104
26
50
-6
-136
-64
136
104
182
110
96
186
256
62
198
100
46
50
128
0
72
198
70
80
102
216
220
90
98
-216
-378
-212
46
-104
-212
-200
66
162
-122
-70
158
-54
6
-108
144
-162
-304
-24
-174
-132
-174
8
170
120
160
128
-4
-88
44
174
276
162
-192
-162
-206
-132
-66
76
52
34
308
168
-2
-136
-178
-462
-284
-202
-150
-202
-178
34
-190
-4
148
152
196
148
34
122
-80
-240
-2
-256
-350
-176
-108
-54
-136
-72
76
308
152
544
430
8
110
130
28
152
52
174
-38
136
36
40
2
-104
-334
-328
-308
-358
-6
80
124
112
210
272
334
94
244
102
30
-4
-160
-44
50
-48
-322
-346
-84
70
-28
-264
-266
36
48
-34
14
-100
-144
-184
-210
44
56
-32
-116
-54
-48
10
108
114
-176
-150
-140
-334
-174
-90
-314
-252
-124
-210
-82
86
-272
8
-220
-108
-16
92
84
190
-82
188
172
30
14
8
190
184
94
-8
54
-88
-288
82
-40
-20
40
-8
30
-52
154
350
282
238
46
-60
132
124
-14
-50
-276
-110
-38
2
66
74
32
262
-130
-74
218
60
164
316
358
362
414
358
314
226
446
244
268
36
-26
-98
-170
22
92
-124
-76
-180
-100
96
92
216
32
146
78
108
92
144
-246
-320
-102
10
2
-78
-88
-86
-322
-240
-176
134
-20
-8
-24
72
224
292
190
-100
-30
-96
-198
64
100
-384
2
20
-40
46
192
-2
-4
70
160
-154
-22
74
-88
108
136
278
-58
-190
96
68
170
118
130
98
62
212
192
134
-42
38
8
110
82
32
124
60
-184
-202
-138
-88
-136
-40
250
156
244
236
90
-92
-160
72
252
204
172
416
308
312
532
188
266
214
-14
-2
-14
2
218
180
414
250
152
194
146
126
-64
-214
-206
-300
6
154
-34
-76
-168
-184
46
238
114
-48
10
84
-38
-122
142
-42
-196
-130
-206
-146
-122
-84
-56
-136
-58
-58
-398
-318
-266
-174
-50
-122
-152
-194
-164
-36
-50
-164
38
-88
180
274
100
148
128
158
174
216
88
62
144
204
160
176
80
-158
-168
174
18
2
290
304
140
108
20
40
58
176
-70
42
28
-104
-6
-42
44
230
186
342
62
-50
98
-132
-102
44
-80
-12
-44
-78
-304
-316
24
-174
-118
-40
-304
-164
-200
-192
36
70
144
8
-102
-168
-38
98
310
196
22
-38
-150
-4
-68
32
266
344
-146
-336
-266
-322
-60
-132
-148
-82
-112
136
-182
-72
-218
-100
104
80
180
144
334
454
336
126
298
174
98
164
204
182
384
386
330
240
64
110
238
174
-2
-8
8
54
12
-94
18
-72
-126
28
136
26
20
188
238
-46
130
206
-78
-40
6
-48
96
-64
-34
-34
100
44
334
182
36
32
-60
-96
-2
12
106
-96
168
-104
-6
188
74
-54
20
-130
-46
-198
-314
-278
-178
110
222
134
134
58
-6
-262
-172
-108
-228
-186
-92
-44
76
208
174
-158
102
-174
-20
-26
-134
142
210
54
66
68
24
-70
30
-90
-70
2
-8
-106
-280
-8
-2
146
148
14
12
-44
-108
72
82
-20
160
80
-76
-26
-30
342
58
148
74
-128
-332
-138
62
112
104
20
-36
118
92
136
244
-194
-330
-256
-36
-300
-232
-182
-128
-184
78
104
-48
42
42
80
-58
-90
-224
56
102
10
222
338
226
162
126
28
