-100
-82
-176
-132
-110
-164
-314
-372
-484
-446
-430
-424
-294
-344
-372
-182
-242
-304
-282
-328
-328
-346
-340
-316
-244
-188
-350
-278
-276
-274
-368
-476
-558
-590
-732
-670
-602
-526
-532
-540
-522
-542
-642
-564
-442
-512
-686
-802
-746
-688
-762
-772
-828
-788
-900
-750
-926
-864
-778
-610
-546
-436
-484
-438
-458
-540
-552
-570
-586
-664
-650
-486
-640
-720
-620
-746
-772
-736
-636
-670
-666
-578
-494
-438
-386
-672
-588
-736
-874
-982
-950
-906
-1036
-898
-902
-904
-956
-858
-590
-406
-360
-314
-226
-144
-198
-18
54
2
-288
-156
-104
-70
-50
100
28
6
26
72
66
-10
42
210
336
366
480
490
642
690
610
420
346
558
756
690
844
970
1054
1110
1044
994
938
988
1108
1060
940
990
1032
1012
998
1046
934
1046
866
852
962
1088
1028
1020
976
892
984
878
708
926
924
1010
1022
932
940
850
848
894
742
814
824
758
604
648
612
634
508
562
556
518
442
348
306
420
428
332
518
422
508
554
560
620
784
984
832
936
866
784
704
608
542
512
524
452
502
400
554
436
500
438
534
568
502
494
454
596
750
744
836
742
708
732
666
712
586
456
376
384
444
400
300
258
202
344
276
340
232
454
350
432
420
336
408
354
270
306
286
328
270
268
156
260
226
394
382
402
458
530
390
274
484
440
264
208
254
266
194
116
250
276
382
390
304
318
416
430
460
548
598
550
490
342
436
456
500
586
668
616
628
670
794
818
802
1006
962
914
1018
1130
1150
1138
1218
1256
1248
1142
1214
1214
1040
1060
1042
960
1072
1162
1294
1434
1458
1486
1468
1492
1506
1422
1280
1078
1098
1060
1030
960
988
1222
1208
1218
1244
1276
1320
1356
1460
1430
1486
1382
1368
1514
1478
1560
1678
1716
1760
1636
1706
1538
1530
1364
1322
1452
1226
1242
1170
1278
1182
1350
1354
1248
1280
1240
1140
1076
1174
1260
1242
1204
1042
1108
1074
1094
1172
1178
1228
1344
1452
1470
1474
1638
1598
1662
1806
1722
1516
1610
1710
1522
1382
1402
1348
1414
1362
1254
1172
850
896
976
908
942
838
904
1014
1012
908
856
1056
920
792
828
812
682
696
732
800
872
874
930
916
1052
1086
1024
994
978
914
892
934
870
1006
798
902
1002
1162
1220
1238
1194
1208
1248
1288
1408
1530
1462
1326
1352
1350
1464
1378
1286
1266
1360
1190
1134
1112
1280
1104
926
908
800
856
794
902
888
844
842
922
836
840
960
1016
1042
1084
1040
1058
1130
1158
1230
1228
1172
1212
1174
1038
1180
1130
1244
1430
1432
1398
1326
1244
1400
1544
1462
1328
1384
1382
1370
1344
1408
1428
1438
1560
1518
1558
1482
1422
1298
1314
1324
1368
1342
1308
1276
1310
1490
1578
1518
1442
1414
1566
1598
1628
1454
1438
1476
1624
1662
1660
1772
1732
1754
1734
1744
1684
1540
1618
1644
1800
1710
1694
1850
1996
2056
2002
2058
2026
2026
2100
2002
2000
2000
1984
1962
1970
1988
1912
1862
1798
1944
1862
1806
1848
1928
1914
2102
2166
2290
2234
2254
2120
1962
1972
2064
2124
2146
2092
2116
2184
2274
2220
2094
2114
2120
2220
2258
2188
2284
2236
2326
2292
2284
2318
2410
2176
2266
2276
2148
2114
2070
2040
2142
2028
2024
2028
2180
2198
2094
2158
2058
2030
2144
2134
2096
2068
2000
2050
2132
2256
2410
2398
2422
2362
2258
2176
2284
2080
2030
2074
2098
2124
1994
1940
1984
1890
1772
1640
1654
1838
1806
1780
1850
1824
1794
1838
1736
1754
1644
1774
1866
1864
1976
1960
1862
1912
1876
1924
1926
2036
2042
2026
2016
2166
2152
2214
2200
1964
1790
1794
1872
1868
1892
2030
2028
2034
2068
2130
2240
2230
2070
1922
1916
1858
1698
1550
1632
1566
1668
1766
1772
1742
1814
1852
1992
1952
2000
1858
1858
1618
1498
1476
1614
1632
1544
1640
1796
1782
1692
1724
1726
1776
1820
1882
1826
1780
1948
1892
1792
1814
1834
1788
1782
1682
1600
1624
1460
1532
1570
1558
1604
1486
1380
1280
1306
1562
1486
1664
1678
1628
1626
1632
1670
1780
1776
1756
1810
1774
1676
1558
1620
1686
1706
1622
1520
1456
1326
1136
1010
992
1066
1054
1170
1068
1076
1052
922
806
824
884
746
686
856
826
816
904
836
802
710
704
740
600
558
548
750
820
898
946
1002
944
812
706
880
846
882
832
874
956
1026
1044
974
1014
822
840
916
1000
954
1094
1030
1122
1168
1356
1454
1482
1426
1258
1300
1240
1282
1196
1078
1030
1022
1018
942
930
872
924
958
1162
1268
1230
1328
1278
1298
1274
1282
1276
1254
1080
1144
1218
1132
1178
1032
1006
998
940
898
808
860
824
828
874
842
788
876
880
910
834
848
774
990
1090
1096
1088
1106
1246
1176
1224
1272
1244
1238
1276
1244
1236
1314
1290
1348
1412
1382
1572
1516
1372
1518
1436
1428
1496
1470
1568
1600
1700
1462
1484
1498
1484
1498
1438
1606
1554
1668
1606
1530
1594
1496
1344
1292
1084
1046
1096
1052
1172
1088
1150
1262
1320
1324
1466
1462
1362
1226
1052
1054
1008
1030
1022
1142
1110
1016
1114
1140
1186
1168
1202
1168
1130
1232
1116
1042
1052
1188
1238
1200
1222
1250
1286
1128
1166
1070
1064
1096
1084
800
836
800
796
752
670
548
552
590
572
822
742
736
636
624
524
540
622
634
598
656
640
556
728
808
796
786
908
774
712
626
544
606
622
582
626
602
504
446
562
430
384
350
310
114
92
44
134
182
132
68
-12
0
-30
52
-8
-108
-122
-86
42
110
10
-68
18
178
126
-14
-52
-30
120
-72
-156
-314
-272
-260
-320
-454
-550
-534
-802
-740
-764
-718
-586
-556
-534
-678
-616
-662
-630
-648
-738
-690
-728
-600
-510
-514
-456
-482
-524
-482
-718
-660
-746
-548
-580
-628
-602
-780
-798
-784
-752
-784
-762
-688
-646
-628
-902
-872
-860
-896
-898
-766
-672
-726
-830
-990
-980
-906
-928
-1000
-974
-850
-910
-924
-950
-1000
-934
-962
-800
-940
-922
-970
-1126
-1032
-1154
-1188
-1064
-916
-922
-946
-1082
-1010
-1070
-1030
-1008
-1102
-1260
-1112
-1162
-1150
-1090
-1190
-1230
-1310
-1444
-1386
-1418
-1440
-1228
-1292
-1242
-1262
-1322
-1294
-1204
-1180
-1188
-1148
-1084
-1092
-1350
-1256
-1142
-1176
-1264
-1176
-1174
-1304
-1204
-1218
-1218
-1296
-1274
-1320
-1378
-1438
-1322
-1324
-1500
-1588
-1590
-1562
-1538
-1464
-1372
-1610
-1534
-1480
-1628
-1678
-1758
-1790
-1824
-1880
-1788
-1742
-1726
-1586
-1714
-1730
-1696
-1610
-1650
-1554
-1548
-1562
-1636
-1536
-1500
-1630
-1454
-1546
-1434
-1494
-1572
-1506
-1438
-1396
-1560
-1574
-1532
-1636
-1648
-1738
-1748
-1670
-1518
-1618
-1598
-1658
-1608
-1616
-1652
-1568
-1492
-1506
-1440
-1496
-1678
-1618
-1652
-1608
-1564
-1586
-1678
-1662
-1650
-1474
-1436
-1376
-1246
-1394
-1196
-1230
-1372
-1352
-1348
-1414
-1300
-1318
-1276
-1380
-1246
-1256
-1264
-1270
-1124
-1064
-1106
-1106
-976
-1046
-1092
-950
-934
-908
-686
-578
-446
-472
-394
-564
-424
-412
-476
-554
-618
-586
-692
-754
-842
-988
-1008
-940
-878
-992
-1030
-1070
-1156
-1186
-1346
-1404
-1480
-1426
-1476
-1436
-1398
-1398
-1296
-1210
-1138
-1144
-1110
-1112
-1278
-1156
-1042
-880
-900
-864
-858
-862
-892
-858
-976
-1032
-938
-852
-830
-704
-630
-582
-500
-396
-404
-366
-402
-432
-500
-410
-520
-458
-506
-440
-488
-546
-624
-594
-622
-836
-696
-724
-702
-676
-628
-546
-658
-754
-792
-956
-836
-978
-1040
-1020
-1086
-998
-1044
-1124
-1178
-1230
-1276
-1252
-1442
-1380
-1410
-1438
-1470
-1454
-1388
-1240
-1140
-1084
-1044
-1094
-1078
-1038
-1110
-1134
-1138
-1142
-1236
-1146
-1280
-1330
-1236
-1268
-1260
-1270
-1302
-1262
-1290
-1272
-1288
-1476
-1506
-1806
-1816
-1844
-1840
-1960
-2008
-1858
-1820
-1714
-1608
-1662
-1530
-1474
-1518
-1328
-1408
-1240
-1322
-1276
-1308
-1366
-1138
-1152
-1126
-974
-1078
-936
-1070
-1026
-952
-854
-820
-826
-836
-792
-782
-756
-744
-684
-686
-596
-580
-584
-468
-492
-456
-460
-492
-504
-504
-384
-198
-232
-264
-106
10
148
122
136
134
20
14
36
38
4
130
124
22
-88
-64
8
4
-12
74
146
70
72
140
144
198
310
372
478
480
476
472
432
474
532
492
504
596
616
618
654
618
520
406
398
392
358
434
310
432
432
290
356
324
482
582
738
568
430
364
488
502
654
666
642
648
682
690
600
606
568
524
478
706
588
604
596
684
706
830
884
914
906
768
754
720
688
662
656
702
744
622
562
518
308
394
418
466
408
368
360
362
392
384
272
398
408
174
186
148
110
238
328
434
404
412
316
314
408
278
206
280
220
182
176
202
222
354
396
310
454
412
404
356
244
184
324
330
168
308
208
312
270
216
272
284
308
218
50
52
-2
84
78
70
88
158
102
198
298
334
328
270
280
224
258
240
156
290
264
274
300
350
350
338
314
392
442
452
442
360
214
134
176
206
196
240
390
372
208
186
326
288
208
292
324
276
390
344
174
342
336
500
498
460
530
672
596
534
496
452
496
450
418
292
290
214
244
156
-68
26
152
132
210
172
206
270
294
206
212
82
98
184
164
200
120
136
220
214
258
182
220
116
152
198
102
62
30
84
306
290
200
246
284
174
324
196
166
152
170
102
108
48
180
66
-12
58
-56
-72
-122
-158
-206
-274
-170
-240
-386
-368
-450
-598
-576
-778
-728
-750
-732
-724
-694
-682
-670
-692
-794
-746
-788
-692
-680
-508
-636
-664
-566
-602
-772
-672
-682
-628
-494
-476
-546
-494
-564
-460
-580
-670
-592
-378
-360
-420
-276
-270
-290
-434
-314
-408
-188
-252
-174
-34
36
-32
-80
-114
-182
-222
-160
-292
-348
-402
-334
-338
-250
-264
-210
-154
-128
52
10
-118
26
84
122
96
272
218
178
164
178
112
96
186
286
118
128
118
286
250
336
418
568
538
572
514
460
628
602
666
748
758
680
682
604
602
546
682
532
420
308
286
382
350
400
290
390
348
356
364
388
352
256
304
376
338
402
394
508
380
342
394
368
394
330
506
506
476
686
734
756
688
576
618
636
596
572
572
648
864
886
1034
928
902
1096
1102
1140
1154
1164
1362
1444
1352
1160
1304
1280
1376
1370
1292
1222
1264
1300
1160
1174
1346
1360
1408
1488
1458
1582
1692
1716
1692
1682
1664
1694
1858
2006
1894
1958
1902
1918
1908
1812
1908
1886
1852
1948
1952
2014
2064
2112
2396
2440
2474
2506
2532
2600
2586
2730
2818
2792
2738
2786
2756
2820
2778
2718
2710
2834
2826
2888
3026
3132
3044
2970
2874
2758
2778
2750
2766
2738
2808
2742
2756
2716
2496
2422
2324
2376
2480
2440
2286
2354
2376
2468
2362
2252
2390
2364
2356
2340
2378
2400
2320
2424
2442
2452
2476
2260
2174
2198
2268
2290
2432
2554
2440
2392
2500
2446
2326
2330
2440
2452
2574
2672
2604
2690
2630
2406
2296
2370
2440
2508
2512
2512
2538
2558
2622
2584
2584
2516
2554
2506
2534
2534
2576
2724
2774
2780
2784
2682
2706
2782
2658
2622
2544
2644
2706
2720
2816
2738
2668
2616
2676
2462
2616
2724
2714
2822
2800
2698
2736
2756
2768
2682
2676
2646
2570
2610
2614
2410
2398
2552
2456
2522
2566
2614
2516
2558
2502
2470
2488
2458
2362
2378
2304
2454
2424
2436
2496
2496
2546
2494
2636
2584
2576
2548
2542
2686
2686
2646
2760
2732
2896
3082
3096
3214
3112
3186
3038
2924
2830
2796
2740
2784
2974
2938
2948
2860
2820
2900
2880
2810
2808
2714
2744
2772
2876
2834
2782
2758
2798
2870
2980
2968
2996
3160
3048
3110
2970
2858
2912
2934
2764
2904
2836
2680
2520
2620
2486
2514
2602
2512
2494
2558
2522
2724
2750
2784
2822
2788
2916
3160
3206
3230
3246
3230
3198
3242
3298
3270
3378
3466
3386
3414
3334
3306
3398
3338
3382
3368
3384
3454
3352
3578
3620
3604
3644
3652
3702
3764
3716
3740
3666
3692
3704
3682
3724
3670
3458
3254
3274
3436
3342
3388
3454
3390
3354
3412
3470
3272
3394
3412
3462
3652
3508
3590
3508
3454
3546
3602
3452
3546
3512
3446
3408
3486
3262
3250
3312
3342
3314
3222
3140
3204
3190
3228
3324
3354
3322
3354
3468
3498
3350
3332
3348
3310
3306
3370
3506
3438
3334
3498
3362
3552
3518
3448
3426
3304
3430
3496
3566
3616
3578
3680
3588
3476
3532
3530
3428
3466
3442
3470
3362
3338
3380
3512
3568
3658
3644
3512
3588
3678
3684
3452
3426
3478
3284
3314
3106
3100
3030
3028
3118
3176
3018
2968
2976
2786
2868
2832
2904
3012
2884
2910
2788
2870
2994
2886
2858
2918
3028
2976
2940
2882
2946
2938
2854
2688
2728
2784
2804
2712
2560
2590
2564
2482
2486
2452
2488
2466
2410
2352
2326
2162
2098
2146
2118
1986
1898
1942
1808
1868
1724
1684
1682
1776
1848
1836
1904
1890
1772
1804
1610
1562
1488
1410
1514
1512
1508
1538
1518
1686
1736
1488
1328
1584
1384
1548
1492
1598
1568
1624
1614
1630
1560
1606
1582
1564
1462
1536
1606
1654
1594
1674
1706
1730
1762
1784
1778
1734
1646
1840
1790
1864
1866
1742
1730
1746
1834
1786
1744
1700
1790
1694
1590
1658
1746
1716
1576
1602
1744
1782
1700
1638
1572
1572
1550
1586
1594
1642
1542
1496
1434
1410
1548
1572
1438
1394
1464
1402
1332
1264
1222
1026
1056
912
980
944
866
852
816
736
706
786
782
882
916
908
908
1002
1066
1056
1084
1052
1170
1256
1134
1116
1184
1132
1078
1042
996
954
976
964
1066
990
968
1024
1198
1112
1086
1084
1094
1184
1294
1156
1138
1158
1186
1090
1202
1168
1180
1196
1212
1190
1176
1190
1124
1146
1116
1168
1206
1182
1076
1096
1090
1188
1168
1022
1034
942
932
810
830
738
702
780
860
958
960
1002
1140
976
812
910
760
670
646
648
558
574
670
714
626
566
592
468
612
604
704
700
606
664
704
710
868
956
918
916
850
1028
1062
1090
1074
1082
1048
1070
1062
970
1020
1000
906
940
908
854
884
874
778
852
878
868
854
986
946
968
982
1048
938
968
1104
1146
1178
1312
1316
1348
1290
1422
1450
1428
1492
1458
1370
1254
1404
1528
1536
1682
1510
1504
1686
1658
1722
1514
1392
1360
1366
1318
1478
1498
1520
1736
1710
1734
1648
1696
1554
1400
1446
1492
1588
1628
1614
1568
1648
1630
1492
1498
1352
1330
1408
1466
1490
1540
1580
1660
1572
1614
1626
1696
1540
1530
1518
1494
1448
1478
1556
1606
1552
1468
1426
1556
1678
1774
1628
1730
1668
1644
1594
1604
1536
1644
1600
1456
1346
1216
1102
1094
1056
1008
1120
1040
1086
1098
1034
920
826
942
842
774
748
848
966
958
876
910
854
776
690
604
550
570
678
642
620
600
544
610
608
638
640
700
706
622
720
766
946
916
934
1002
914
844
802
798
808
644
550
528
466
566
704
752
730
602
464
512
418
494
452
426
436
384
280
338
542
358
364
398
440
464
364
388
482
524
436
436
352
330
276
192
324
380
408
458
444
370
310
324
284
254
316
226
210
168
288
242
300
194
202
166
210
198
208
220
302
358
398
374
342
210
356
462
414
390
438
430
400
374
454
350
398
376
268
208
112
70
204
216
250
168
252
284
378
398
422
274
230
442
528
510
518
424
400
374
436
450
302
318
402
346
500
456
614
548
526
616
544
494
490
356
362
462
296
294
242
280
256
306
250
174
-12
38
130
112
42
-56
-76
-80
-182
-52
-78
-64
-32
156
118
130
136
52
-6
54
62
-14
42
58
22
74
12
16
82
58
244
332
148
252
170
262
224
312
304
302
206
300
380
386
436
522
494
504
438
398
406
452
380
288
338
350
454
392
362
332
402
466
626
520
342
346
378
454
468
444
356
348
330
242
192
222
198
260
262
252
222
220
226
224
214
264
344
414
434
460
474
322
350
322
398
380
432
526
408
334
468
364
508
768
798
610
540
616
742
700
616
528
500
640
654
612
456
634
590
496
440
324
358
272
340
338
378
446
580
592
598
536
458
462
510
510
650
620
628
628
558
510
492
478
484
622
532
494
630
724
686
770
674
640
634
606
592
502
434
394
366
160
206
268
216
314
206
184
70
116
176
122
186
26
128
50
-32
-124
-10
-28
-24
-110
-158
-74
8
-32
118
230
226
186
258
216
86
138
86
98
170
126
196
374
364
380
480
538
544
562
398
282
324
408
444
378
254
172
62
150
86
-80
-26
8
246
242
232
172
198
54
56
-64
-30
-4
24
18
-32
-142
-136
-130
-204
-144
-332
-354
-430
-316
-364
-344
-264
-120
36
174
272
214
264
152
82
134
0
40
158
324
412
474
474
488
482
632
638
588
678
796
872
882
844
892
966
970
966
984
902
926
886
1016
1044
1002
1012
1086
1104
1148
962
874
878
772
776
714
722
746
652
642
546
528
580
576
594
708
754
718
806
842
868
764
732
870
846
808
680
760
768
900
874
994
846
844
912
982
1048
1040
1110
1282
1284
1294
1344
1400
1532
1458
1600
1550
1558
1706
1502
1574
1472
1252
1400
1544
1476
1600
1430
1420
1322
1460
1564
1698
1768
1914
1854
1874
1772
1798
1912
1860
1894
1800
1916
1876
1914
1730
1598
1580
1514
1556
1530
1498
1476
1490
1398
1462
1576
1610
1420
1442
1532
1672
1768
1698
1576
1610
1750
1828
1806
1752
1962
1894
2074
2006
2086
2148
2022
2208
2304
2294
2242
2212
2258
2228
2336
2396
2318
2236
2132
2278
2186
2206
2268
2178
2220
2196
2086
1908
2002
1890
1906
1728
1766
1906
1942
2006
1892
1964
1968
2028
2102
1922
2054
2088
2104
2066
2034
2034
1906
1850
1808
1806
1792
1788
1906
1952
1836
1896
1758
1684
1568
1652
1530
1588
1534
1584
1696
1780
1970
1890
1772
1796
1956
1756
1804
1902
1784
1622
1764
1794
1778
1852
1922
1766
1640
1620
1668
1710
1634
1702
1874
1926
1934
1894
1860
2016
2228
2194
2226
2262
2460
2548
2574
2454
2552
2444
2326
2228
2182
2382
2366
2364
2350
2244
2270
2344
2336
2208
2256
2224
2294
2366
2404
2322
2472
2320
2346
2308
2228
2316
2262
2310
2392
2246
2176
2046
1964
1974
2040
2058
2060
2090
2134
2156
2134
2170
2082
2020
2160
2194
2180
2258
2326
2452
2608
2650
2526
2524
2660
2718
2682
2688
2730
2606
2660
2676
2546
2512
2686
2800
2850
2834
2746
2826
2854
2746
2622
2476
2608
2804
2812
2836
2712
2746
2822
2752
2714
2814
2812
2898
2842
2672
2778
2816
2760
2832
2806
2816
2812
2720
2874
2820
2806
2964
3004
2780
2706
2656
2684
2698
2640
2704
2694
2718
2764
2752
2772
2800
2858
3054
3178
3086
3122
3068
3132
3116
3092
2954
2998
3110
3102
3082
3014
2964
3102
2990
2980
3074
2968
2998
3036
3206
3322
3314
3258
3214
3270
3292
3196
3244
3186
3222
3224
3278
3300
3326
3340
3292
3260
3214
3224
3298
3276
3272
3206
3328
3314
3290
3286
3282
3124
3152
3134
3160
3024
3212
3304
3252
3354
3398
3398
3350
3280
3140
3182
3120
2994
3008
3180
3318
3234
3222
3300
3376
3314
3228
3104
2942
3140
3052
2928
2936
2888
2966
2926
2890
2838
2898
3014
3134
3330
3416
3574
3594
3488
3396
3546
3554
3586
3558
3588
3460
3384
3436
3520
3520
3576
3648
3574
3560
3518
3608
3536
3476
3538
3422
3286
3214
3374
3342
3400
3472
3532
3470
3468
3434
3428
3218
3284
3232
3168
3284
3258
3406
3314
3406
3456
3426
3346
3470
3464
3450
3372
3440
3500
3486
3524
3490
3404
3342
3454
3372
3230
3252
3192
3134
3042
3034
2970
2954
2832
2906
2916
3036
3132
3126
3190
3058
3002
3036
3082
3068
3054
3064
3094
3074
3126
3266
3200
3236
3242
3026
3174
3294
3294
3388
3470
3496
3386
3570
3682
3748
3672
3714
3590
3810
3862
3934
4020
3892
4078
4084
4162
4278
4304
4370
4484
4512
4532
4628
4564
4564
4566
4632
4630
4606
4578
4520
4422
4346
4290
4220
4322
4324
4404
4462
4546
4580
4598
4544
4596
4550
4494
4616
4694
4690
4744
4568
4714
4738
4680
4820
4852
4810
4800
4784
4764
4848
4848
4932
4938
4870
4878
4818
4824
4900
4836
4664
4674
4600
4498
4568
4588
4582
4722
4824
4612
4664
4692
4728
4804
4730
4856
4878
4954
4986
4888
5002
5066
5102
5094
5118
5178
5216
5300
5422
5422
5412
5644
5732
5778
5660
5828
5874
5894
6010
6026
5928
5832
5956
5926
5898
5926
5880
5806
5792
5834
5758
5828
5682
5720
5664
5734
5716
5698
5586
5734
5688
5634
5454
5372
5514
5436
5436
5576
5550
5638
5724
5596
5522
5526
5552
5654
5656
5658
5582
5554
5456
5482
5446
5424
5370
5392
5292
5242
5194
5068
5130
5144
5096
5088
5130
5224
5198
5158
5198
5164
5058
5072
5126
5072
4962
4876
4922
4780
4862
4878
4906
4914
4866
4892
4682
4700
4824
4938
5086
5078
5002
5026
4966
4862
4838
4846
4994
5000
4934
4902
4908
4854
4924
4942
4962
5046
5048
5072
5130
5150
5070
4928
4880
4836
4866
4972
4934
4924
4974
4918
4912
4902
4946
4914
4940
5044
4932
4832
4980
4992
4988
5128
5186
5180
5238
5134
5138
4990
5052
5150
5216
5196
5242
4998
5070
5108
5212
5314
5260
5262
5296
5282
5242
5186
5188
5034
4962
5032
5070
4902
4962
5002
5116
5122
5262
5220
5138
4994
4978
4870
4942
5090
5182
5274
5324
5332
5384
5284
5278
5332
5400
5372
5428
5376
5376
5354
5380
5424
5460
5498
5542
5460
5418
5402
5436
5492
5406
5342
5384
5564
5572
5594
5590
5648
5566
5738
5764
5862
5954
6068
6046
5888
5880
5890
5854
5928
5918
5962
5888
5924
5972
5974
6058
6138
6238
6150
6292
6272
6320
6340
6286
6460
6404
6314
6164
6076
6096
6226
6182
6034
6010
5946
6076
6060
5914
5916
5938
6018
6074
6102
6212
6346
6336
6306
6358
6340
6256
6114
6134
6260
6262
6126
5926
5922
5820
5884
5860
5898
5842
5852
5884
5856
5952
5842
5918
6010
5948
5854
5812
5854
5640
5736
5826
5860
5682
5672
5636
5610
5674
5702
5642
5706
5700
5722
5662
5594
5526
5536
5500
5462
5484
5480
5616
5604
5654
5604
5572
