1080
1076
1116
1094
1060
1042
1022
1056
1088
1074
1104
1104
1076
1106
1028
1034
1088
1072
1060
1152
1080
1088
1116
1148
1134
1134
1140
1126
1130
1094
1084
1066
1058
1094
1064
1062
1056
1034
1016
976
952
980
960
976
996
984
988
998
1044
1016
994
978
970
1008
1098
1078
1122
1132
1152
1182
1186
1192
1206
1198
1172
1186
1212
1202
1166
1192
1190
1180
1156
1192
1178
1192
1216
1238
1180
1198
1202
1246
1248
1242
1250
1168
1256
1234
1248
1278
1270
1258
1220
1218
1224
1238
1274
1262
1256
1248
1262
1290
1268
1286
1280
1318
1324
1372
1348
1352
1356
1456
1392
1434
1464
1474
1480
1434
1444
1422
1418
1394
1394
1392
1440
1376
1372
1342
1310
1340
1342
1370
1330
1320
1252
1254
1282
1268
1300
1264
1360
1358
1374
1392
1360
1324
1294
1328
1386
1402
1370
1346
1380
1348
1318
1364
1328
1332
1326
1262
1256
1262
1304
1374
1394
1378
1400
1360
1362
1360
1308
1280
1292
1332
1306
1216
1182
1198
1186
1074
1088
1094
1062
1100
1064
1076
1104
1104
1092
1060
1046
1044
1076
1064
1058
1074
1084
1064
1064
994
1006
1046
1024
1026
1026
984
956
978
922
902
960
936
1004
1022
1050
1062
1012
1032
1004
1032
1064
1084
1090
1126
1130
1064
1106
1044
1014
966
956
958
1010
1006
994
1030
1104
1080
1060
1016
1008
1038
1012
952
942
982
984
928
964
1046
1052
1120
1068
1106
1106
1130
1128
1110
1112
1090
1088
1122
1150
1118
1056
1074
992
978
986
1004
1106
1106
1090
1056
1002
994
990
984
1000
1012
960
964
946
972
948
878
904
812
882
890
862
810
818
868
830
872
874
914
940
990
1000
984
948
932
920
928
926
926
956
938
934
928
898
880
824
846
816
830
822
896
876
938
960
878
932
938
950
958
970
958
958
934
954
972
1010
974
992
1028
1044
1058
1070
1090
1042
1038
984
976
1002
1004
1008
1006
996
980
932
946
920
850
880
848
876
904
918
936
946
950
916
930
918
932
932
930
944
1030
996
980
982
948
942
980
956
964
930
918
880
876
864
886
902
920
926
960
992
938
924
986
1036
1110
1056
1060
1038
1114
1118
1120
1122
1162
1158
1142
1208
1178
1164
1138
1136
1118
1176
1172
1172
1172
1180
1180
1138
1164
1182
1162
1134
1116
1164
1158
1180
1150
1168
1112
1138
1080
1118
1120
1084
1132
1186
1236
1236
1214
1228
1226
1270
1204
1244
1232
1198
1236
1264
1292
1288
1248
1286
1236
1240
1242
1244
1204
1224
1238
1246
1262
1284
1270
1210
1148
1158
1204
1206
1170
1182
1190
1196
1212
1174
1148
1100
1094
1132
1118
1080
1134
1134
1096
1072
1096
1082
1084
1048
1054
1044
1092
1122
1122
1222
1228
1260
1214
1308
1282
1314
1354
1398
1366
1318
1326
1368
1322
1360
1354
1356
1374
1382
1412
1414
1392
1326
1308
1298
1300
1378
1382
1358
1344
1354
1340
1360
1380
1316
1270
1240
1250
1262
1284
1296
1252
1306
1306
1302
1296
1274
1280
1252
1250
1266
1324
1354
1346
1358
1370
1278
1304
1306
1284
1278
1348
1320
1284
1296
1312
1294
1274
1290
1298
1334
1320
1300
1302
1294
1362
1336
1308
1228
1294
1356
1350
1326
1268
1264
1270
1258
1270
1260
1202
1186
1262
1258
1240
1280
1244
1272
1336
1388
1370
1320
1318
1344
1370
1336
1260
1302
1260
1238
1270
1184
1210
1262
1252
1228
1242
1224
1168
1098
1102
1118
1176
1154
1158
1142
1134
1162
1164
1218
1226
1214
1216
1302
1256
1258
1314
1338
1326
1344
1338
1282
1310
1322
1314
1366
1362
1312
1242
1188
1214
1178
1184
1152
1070
1012
1004
1004
940
940
964
1004
1022
1046
988
1022
1058
1088
1088
1096
1034
1074
1128
1122
1172
1184
1180
1222
1194
1186
1198
1182
1120
1114
1134
1146
1116
1090
1152
1164
1138
1166
1194
1208
1214
1116
1084
1104
1082
1080
1098
1112
1130
1062
1086
1126
1108
1162
1144
1150
1138
1076
1082
1110
1072
1078
1066
1054
980
912
858
942
986
1004
1012
1014
1046
1056
1060
1040
1040
1024
1030
996
1008
1024
1056
1074
1114
1080
1050
1034
1056
1048
978
904
932
936
990
926
902
900
884
860
894
914
976
1034
1008
976
986
988
982
972
972
1002
928
944
932
904
846
864
900
870
856
864
858
840
868
912
912
874
914
888
830
756
772
802
778
774
798
706
686
724
714
736
758
772
782
804
788
832
796
826
780
744
756
748
680
648
628
630
672
712
686
764
842
846
882
836
828
840
892
872
860
794
834
830
826
840
898
890
936
948
980
946
930
908
1004
1072
1098
1142
1116
1044
1044
1102
1106
1126
1146
1126
1126
1120
1132
1090
1116
1078
1112
1142
1146
1116
1182
1206
1244
1196
1184
1170
1146
1186
1140
1186
1178
1162
1178
1160
1148
1136
1142
1136
1202
1178
1198
1166
1170
1186
1178
1216
1266
1234
1200
1202
1200
1192
1168
1178
1212
1206
1184
1158
1184
1160
1138
1178
1184
1136
1200
1234
1216
1166
1128
1112
1108
1136
1076
1056
1112
1042
1036
1038
1042
1032
1038
1018
1054
1080
1100
1092
1078
1068
1116
1132
1088
1090
1124
1156
1200
1196
1232
1232
1246
1268
1256
1272
1246
1200
1182
1178
1208
1252
1240
1290
1312
1322
1264
1284
1280
1306
1326
1380
1386
1356
1394
1430
1444
1380
1394
1410
1352
1402
1446
1464
1506
1496
1468
1478
1516
1484
1404
1388
1386
1454
1464
1526
1536
1538
1518
1480
1458
1424
1388
1386
1426
1426
1428
1378
1378
1354
1384
1332
1326
1306
1314
1308
1340
1354
1386
1406
1394
1362
1332
1348
1302
1290
1304
1336
1360
1354
1370
1404
1394
1408
1440
1442
1454
1438
1378
1412
1372
1426
1436
1410
1448
1380
1376
1392
1384
1382
1332
1316
1284
1276
1312
1286
1316
1332
1284
1286
1266
1222
1172
1156
1164
1200
1164
1148
1122
1100
1078
1068
1084
1094
1130
1108
1094
1110
1050
1046
1060
1050
1080
1084
1094
1106
1120
1088
1076
1140
1170
1186
1210
1192
1178
1182
1206
1232
1204
1230
1156
1192
1180
1150
1166
1186
1204
1208
1216
1198
1266
1250
1198
1238
1274
1248
1300
1258
1294
1340
1302
1270
1292
1282
1268
1240
1204
1166
1124
1102
1108
1134
1142
1136
1152
1176
1216
1168
1174
1168
1202
1198
1200
1198
1196
1262
1260
1272
1262
1286
1282
1304
1294
1280
1238
1214
1276
1276
1238
1218
1186
1222
1294
1306
1302
1306
1296
1326
1318
1350
1332
1408
1384
1360
1320
1338
1340
1330
1284
1256
1244
1236
1218
1186
1180
1194
1232
1190
1186
1206
1262
1284
1288
1252
1276
1238
1182
1214
1236
1234
1204
1168
1164
1168
1108
1128
1126
1150
1190
1176
1178
1146
1078
1088
1154
1186
1146
1156
1178
1172
1136
1122
1072
1110
1116
1124
1112
1110
1108
1194
1214
1118
1134
1148
1130
1180
1206
1166
1188
1202
1234
1196
1194
1182
1210
1176
1144
1148
1198
1202
1176
1156
1120
1128
1108
1120
1112
1130
1082
1042
1020
1054
1074
1066
1102
1074
1100
1102
1136
1128
1096
1090
1042
1048
1084
1140
1124
1126
1094
1152
1174
1188
1196
1188
1168
1178
1166
1160
1160
1212
1194
1154
1156
1102
1062
1038
996
940
968
944
1000
1010
998
996
960
1008
976
944
894
894
864
896
854
896
890
880
884
888
918
924
976
954
954
938
934
932
920
890
886
910
902
858
778
798
812
836
902
928
924
952
962
980
1026
1060
1122
1090
1096
1126
1100
1148
1128
1128
1190
1172
1240
1210
1188
1168
1148
1162
1178
1134
1124
1160
1142
1130
1170
1148
1160
1168
1158
1108
1108
1090
1068
1080
1120
1140
1152
1110
1026
1094
1108
1054
1080
1106
1116
1078
1078
1100
1094
1074
1122
1122
1142
1116
1086
1134
1068
1086
1080
1066
1032
1036
1026
1046
998
1000
970
958
1002
1028
1022
1062
1074
1126
1166
1150
1174
1094
1104
1084
1026
1042
1040
1024
1044
992
1038
970
954
982
982
988
974
970
994
986
978
970
940
894
906
874
856
892
916
886
924
932
924
882
870
858
834
892
888
836
770
814
828
806
768
850
832
870
862
898
850
860
838
870
872
854
840
818
830
900
926
886
830
796
738
810
780
768
778
786
820
834
800
788
798
826
854
806
806
752
744
760
786
832
866
846
840
836
820
776
764
794
820
788
828
802
826
800
726
758
780
780
736
752
746
754
780
798
780
772
762
762
790
752
764
672
656
650
692
654
676
734
698
696
680
658
674
686
654
698
644
638
634
704
698
712
690
704
708
720
746
782
776
816
818
820
826
824
832
824
810
748
730
786
838
878
858
820
820
808
772
768
824
832
850
856
842
854
810
772
774
790
702
718
678
676
696
734
806
840
840
824
816
792
770
746
692
680
708
716
682
650
714
690
684
680
752
758
704
708
678
688
698
676
686
714
694
640
672
666
740
704
706
752
722
754
802
798
842
862
876
900
854
874
860
786
770
760
762
750
766
768
796
770
830
806
842
846
842
828
856
912
900
818
746
688
662
688
662
652
660
682
694
706
748
696
686
692
654
704
676
662
634
662
716
698
710
758
734
770
768
786
760
756
752
670
662
610
662
654
670
668
684
708
752
758
740
726
786
794
778
800
792
794
752
722
730
692
774
826
790
816
770
792
746
772
740
722
728
786
808
784
772
782
762
738
760
800
764
712
668
666
660
670
680
632
610
626
610
576
606
608
656
634
666
658
690
682
704
698
698
666
688
676
586
604
638
672
664
698
696
722
758
810
776
828
826
812
748
770
774
752
762
836
868
922
958
946
920
864
882
952
988
984
970
1010
978
974
916
986
1016
1046
1122
1056
1060
1096
1096
1094
1084
1042
1088
1038
1028
1032
1058
1064
1100
1148
1106
1102
1078
1110
1102
1078
1090
1116
1132
1134
1118
1128
1124
1192
1190
1156
1142
1100
1086
1090
1130
1150
1150
1148
1178
1090
1114
1090
1140
1180
1182
1162
1098
1090
1098
1094
1058
1040
1050
1096
1078
1072
1050
1088
1064
1066
1084
1048
1024
990
1020
1046
988
1028
1060
1056
1032
1072
1058
1120
1064
1098
1096
1180
1164
1144
1048
1118
1092
1094
1124
1036
1044
1084
1120
1112
1130
1176
1164
1202
1164
1200
1240
1260
1262
1242
1226
1226
1260
1242
1230
1266
1246
1224
1202
1198
1152
1166
1132
1154
1168
1150
1164
1158
1240
1254
1266
1314
1304
1226
1244
1254
1240
1228
1268
1242
1248
1182
1144
1132
1168
1180
1224
1248
1236
1274
1256
1286
1272
1256
1242
1282
1246
1210
1196
1246
1216
1228
1192
1228
1280
1266
1254
1220
1232
1220
1192
1180
1182
1162
1138
1124
1122
1112
1100
1040
1070
1130
1088
1138
1132
1032
1022
1062
1038
1012
1036
932
978
912
890
898
914
900
844
926
934
940
956
946
952
982
1034
1042
964
960
906
970
940
970
994
928
908
894
936
900
920
930
966
956
962
934
956
944
982
970
958
982
926
932
928
902
908
918
948
940
952
966
970
966
902
882
922
888
874
860
856
858
864
868
868
848
890
856
896
864
834
906
934
926
920
946
982
988
990
986
954
988
968
988
996
944
990
1072
1092
1134
1168
1184
1208
1198
1186
1162
1174
1218
1172
1186
1222
1166
1112
1166
1124
1152
1172
1152
1086
1064
1044
1084
1026
996
1034
1062
1062
1058
1030
986
974
1020
1028
970
994
980
988
990
1012
1032
980
938
914
930
936
946
976
942
966
928
920
958
944
908
902
974
968
998
1014
990
1002
962
912
958
990
986
992
952
960
934
948
932
908
842
850
830
806
902
896
948
956
968
958
936
972
1002
972
968
956
970
1010
1026
1050
1036
1104
1044
1024
1054
1050
1008
978
986
986
980
960
998
996
1020
1006
1040
1008
990
1032
1034
1068
1108
1104
1054
1064
1042
1078
998
950
934
946
958
960
984
964
924
924
964
960
926
902
902
914
878
886
938
932
920
952
932
912
956
940
926
904
926
938
976
992
1030
1056
1058
1054
1048
1050
1078
1086
1104
1158
1162
1120
1116
1106
1142
1138
1078
1090
1132
1132
1098
1078
1034
1050
1010
1006
1006
1048
1116
1126
1154
1114
1080
1032
1070
1092
1110
1134
1074
1032
1088
1128
1054
1082
1126
1116
1174
1164
1168
1176
1166
1130
1162
1130
1098
1072
1092
1074
1056
1086
1064
1056
1114
1106
1136
1112
1072
1052
1066
1008
980
1038
1078
1056
1070
1112
1140
1150
1122
1120
1058
1048
1052
1070
1086
1152
1128
1200
1152
1178
1174
1188
1198
1194
1174
1152
1148
1132
1096
1116
1126
1082
1104
1136
1148
1208
1214
1180
1112
1110
1138
1174
1130
1090
1102
1140
1172
1196
1156
1148
1172
1160
1186
1166
1178
1166
1148
1202
1206
1250
1244
1272
1270
1286
1292
1314
1326
1308
1282
1280
1274
1300
1302
1312
1352
1342
1340
1346
1296
1344
1384
1370
1370
1398
1490
1498
1502
1498
1472
1502
1478
1504
1518
1484
1504
1530
1500
1450
1486
1414
1412
1454
1456
1434
1462
1468
1464
1472
1462
1482
1496
1488
1490
1490
1492
1480
1514
1550
1548
1534
1576
1548
1514
1456
1484
1472
1512
1514
1484
1554
1530
1556
1608
1654
1644
1640
1700
1732
1710
1722
1708
1722
1726
1728
1734
1770
1842
1840
1838
1830
1800
1790
1780
1772
1762
1812
1822
1790
1720
1704
1702
1746
1738
1802
1778
1778
1736
1772
1768
1788
1704
1712
1746
1772
1792
1780
1802
1790
1780
1772
1820
1820
1862
1872
1926
1936
1956
1910
1898
1900
1908
1892
1928
1978
1960
1918
1912
1876
1898
1874
1886
1914
1902
1930
1934
1986
2048
2030
2032
2026
2062
2106
2058
2032
2028
2084
2024
2044
2034
2076
2078
2144
2184
2190
2132
2146
2136
2148
2128
2122
2154
2146
2242
2242
2276
2270
2256
2242
2238
2230
2222
2226
2226
2286
2226
2202
2270
2288
2270
2240
2280
2290
2270
2296
2260
2292
2272
2236
2272
2270
2274
2272
2222
2190
2204
2210
2156
2172
2180
2204
2186
2164
2134
2178
2242
2266
2248
2234
2238
2228
2248
2154
2166
2140
2128
2028
2000
2002
1950
1954
1894
1878
1868
1878
1860
1906
1914
1904
1890
1890
1874
1880
1848
1784
1768
1754
1694
1710
1666
1684
1712
1712
1718
1722
1704
1698
1696
1696
1716
1738
1804
1786
1810
1798
1790
1778
1744
1766
1858
1898
1956
1984
1950
1958
1972
2014
1982
1992
1984
1942
1998
2008
1994
1976
1964
2000
1990
1990
2022
1986
1928
1928
1910
1880
1918
1898
1924
1980
1944
1944
1934
1994
1960
1976
1996
1970
1938
1920
1938
1944
1938
1924
1976
1982
2012
2044
2072
2082
2068
2090
2104
2068
2108
2108
2078
2048
2082
2124
2114
2134
2230
2298
2358
2376
2412
2342
2408
2426
2442
2452
2394
2382
2396
2412
2440
2446
2422
2422
2396
2420
2442
2402
2382
2424
2406
2422
2400
2378
2360
2362
2406
2396
2432
2434
2404
2408
2364
2394
2382
2320
2278
2248
2300
2374
2378
2340
2324
2290
2256
2304
2328
2284
2288
2314
2294
2282
2302
2292
2282
2272
2218
2140
2154
2120
2120
2170
2202
2230
2160
2186
2216
2260
2292
2278
2336
2322
2314
2280
2306
2306
2318
2324
2316
2334
2360
2376
2346
2376
2356
2370
2396
2386
2390
2384
2298
2338
2346
2328
2362
2358
2294
2336
2306
2326
2326
2332
2350
2360
2336
2310
2228
2270
2268
2278
2246
2260
2242
2280
2292
2264
2286
2288
2288
2304
2302
2352
2352
2374
2402
2430
2378
2348
2328
2324
2326
2348
2386
2392
2454
2458
2464
2468
2460
2498
2532
2572
2568
2570
2564
2578
2560
2504
2504
2476
2418
2434
2442
2414
2448
2426
2474
2434
2434
2372
2382
2414
2478
2500
2502
2532
2538
2532
2532
2554
2560
2534
2504
2504
2496
2452
2482
2534
2498
2526
2532
2516
2532
2526
2500
2530
2528
2504
2476
2472
2492
2482
2462
2412
2406
2454
2454
2490
2484
2428
2414
2372
2328
2322
2312
2344
2378
2348
2356
2420
2374
2366
2394
2426
2384
2438
2422
2504
2486
2460
2456
2506
2520
2490
2440
2410
2464
2456
2496
2456
2468
2428
2414
2446
2484
2418
2456
2462
2452
2454
2430
2372
2444
2476
2508
2486
2566
2608
2578
2600
2556
2550
2558
2600
2664
2714
2674
2644
2618
2626
2644
2660
2662
2694
2698
2686
2648
2680
2686
2656
2662
2654
2672
2660
2626
2650
2686
2696
2700
2670
2658
2620
2666
2712
2710
2694
2700
2646
2650
2660
2602
2588
2634
2634
2626
2718
2674
2672
2710
2758
2714
2690
2584
2584
2628
2614
2568
2548
2532
2512
2518
2568
2608
2494
2476
2452
2438
2416
2322
2258
2268
2294
2310
2270
2256
2186
2220
2232
2254
2262
2314
2318
2356
2382
2370
2376
2376
2342
2344
2320
2342
2356
2334
2368
2360
2398
2392
2374
2390
2402
2424
2456
2430
2428
2398
2386
2416
2438
2426
2436
2482
2496
2460
2454
2438
2440
2496
2468
2500
2568
2564
2536
2562
2572
2548
2508
2512
2536
2550
2602
2582
2576
2560
2558
2522
2528
2548
2580
2586
2604
2636
2640
2590
2590
2638
2676
2678
2712
2720
2706
2654
2694
2682
2656
2668
2644
2642
2616
2552
2574
2586
2612
2632
2664
2676
2698
2702
2740
2724
2736
2698
2688
2706
2772
2698
2656
2686
2686
2684
2646
2658
2702
2716
2750
2748
2776
2780
2748
2782
2776
2762
2784
2770
2796
2806
2848
2834
2786
2790
2770
2848
2812
2844
2830
2880
2872
2854
2864
2808
2826
2834
2800
2798
2810
2808
2836
2768
2802
2734
2730
2712
2710
2688
2652
2566
2654
2674
2670
2684
2724
2716
2674
2680
2704
2650
2622
2628
2600
2592
2680
2718
2722
2778
2782
2726
2718
2722
2800
2812
2836
2836
2820
2862
2852
2834
2820
2758
2746
2788
2788
2830
2822
2840
2868
2796
2802
2858
2850
2842
2844
2792
2750
2734
2700
2700
2694
2688
2690
2694
2698
2680
2690
2664
2680
2692
2696
2668
2684
2704
2688
2706
2740
2758
2708
2676
2774
2752
2834
2814
2786
2788
2768
2778
2766
2736
2758
2764
2770
2752
2682
2696
2674
2764
2728
2762
2778
2796
2786
2760
2756
2784
2732
2702
2726
2692
2660
2650
2622
2650
2648
2624
2656
2646
2632
2660
2710
2704
2716
2714
2738
2710
2758
2772
2790
2768
2796
2820
2810
2748
2726
2660
2658
2678
2678
2630
2630
2620
2630
2648
2626
2628
2636
2706
2722
2710
2644
2600
2594
2588
2588
2608
2596
2592
2598
2572
2618
2584
2548
2558
2538
2526
2456
2534
2534
2502
2506
2498
2488
2510
2488
2488
2470
2516
2604
2594
2606
2598
2616
2674
2682
2704
2764
2822
2886
2842
2904
2920
2938
2936
2952
2930
2886
2908
2950
2944
2872
2872
2844
2862
2920
2872
2882
2858
2878
2836
2778
2756
2702
2686
2736
2708
2716
2730
2760
2740
2726
2754
2812
2812
2838
2798
2794
2770
2778
2726
2762
2714
2776
2774
2806
2796
2856
2870
2828
2892
2928
2938
2946
2990
2986
2948
2938
2924
2870
2832
2794
2812
2904
2890
2900
2900
2896
2914
2914
2876
2830
2884
2854
2860
2872
2882
2860
2844
2866
2908
2856
2842
2844
2830
2804
2796
2792
2794
2836
2810
2820
2830
2840
2846
2860
2884
2884
2892
2904
2896
2926
2880
2850
2824
2870
2832
2788
2788
2760
2790
2822
2772
2788
2842
2802
2768
2776
2772
2758
2724
2680
2690
2700
2702
2684
2674
2682
2666
2638
2646
2652
2648
2610
2592
2600
2634
2660
2710
2652
2640
2640
2666
2692
2684
2710
2724
2692
2722
2716
2764
2766
2732
2776
2776
2776
2794
2774
2772
2790
2754
2686
2660
2658
2638
2606
2600
2608
2662
2676
2664
2692
2646
2692
2726
2736
2768
2762
2784
2786
2800
2822
2856
2906
2888
2864
2806
2834
2846
2838
2820
2780
2734
2728
2714
2680
2708
2676
2616
2588
2544
2516
2534
2454
2430
2422
2422
2526
2544
2630
2650
2598
2588
2548
2642
2670
2746
2720
2732
2752
2732
2730
2740
2742
2798
2814
2832
2876
2908
2886
2890
2900
2924
2898
2876
2868
2870
2854
2860
2908
2914
2924
2916
2930
2914
2932
2922
2944
2950
2928
2886
2854
2890
2886
2834
2840
2834
2764
2780
2750
2748
2784
2800
2764
2754
2738
2774
2764
2718
2720
2698
2698
2634
2638
2662
2782
2784
2750
2766
2730
2790
2784
2800
2758
2748
2768
2736
2760
2816
2830
2844
2838
2840
2842
2870
2804
2804
2772
2812
2826
2818
2816
2858
2844
2924
2860
2860
2882
2882
2854
2820
2792
2796
2794
2876
2910
2924
2894
2894
2884
2900
2834
2850
2842
2880
2896
2862
2866
2916
2900
2930
2956
3034
3040
2992
3036
3066
3108
3032
3014
3028
3070
3060
3058
3136
3178
3138
3178
3144
3146
3126
3074
3030
3010
2966
2948
2994
2976
2972
2978
3016
3036
3048
3092
3086
3094
3144
3114
3080
3078
3078
3112
3042
3044
3048
3038
3010
2992
2966
2950
2936
3014
3000
2982
2984
3006
3032
3050
2978
2932
2982
3016
3012
2942
2982
2982
2972
3006
3020
3002
3010
2970
2966
2984
2956
2932
2908
2948
2924
2968
2958
3002
3018
2966
2944
2932
2934
2952
2986
2942
2888
2908
2958
2940
2950
2938
2956
2924
2902
2926
2940
2966
3004
2992
2990
2956
2958
2956
2972
3014
2984
2944
2954
2942
2934
2998
2990
2900
2884
2892
2942
2926
2980
2920
2884
2878
2848
2876
2880
2900
2844
2838
2830
2850
2802
2806
2834
2944
2938
2950
2942
2930
2946
2946
2892
2920
2948
2926
2980
3016
3022
3000
3022
2994
2988
2950
2988
2982
2988
2972
2958
3008
2992
2996
3024
3044
3012
3040
3054
3018
3030
3012
2980
2942
2890
2872
2870
2852
2834
2820
2786
2792
2796
2808
2816
2834
2804
2802
2780
2796
2824
2814
2834
2818
2828
2834
2794
2780
2708
2736
2768
2776
2744
2718
2816
2784
2766
2734
2700
2724
2698
2724
2684
2692
2676
2706
2710
2678
2670
2636
2654
2682
2676
2676
2708
2690
2708
2656
2624
2708
2640
2660
2690
2676
2670
2718
2706
2712
2752
2736
2698
2714
2678
2688
2700
2758
2762
2792
2786
2774
2764
2782
2780
2766
2756
2822
2800
2796
2784
2752
2696
2654
2672
2670
2654
2642
2662
2662
2728
2708
2682
2592
2628
2572
2594
2654
2614
2622
2646
2670
2660
2660
2684
2670
2644
2618
2616
2670
2634
2656
2656
2696
2682
2706
2642
2636
2632
2634
2638
2602
2636
2658
2582
2618
2654
2624
2642
2632
2608
2656
2592
2594
2662
2664
2662
2632
2632
2662
2612
2622
2650
2654
2646
2692
2708
2728
2722
2672
2646
2746
2748
2794
2808
2804
2868
2878
2896
2878
2868
2858
2936
2920
2882
2856
2864
2854
2880
2894
