-20
24
-64
-200
-136
-182
-50
-228
-248
-264
-72
240
-28
20
10
-46
-234
-56
82
64
-126
2
108
-12
20
110
-198
-222
-138
-194
-156
66
70
54
0
-34
-56
132
54
0
180
286
170
-8
-22
86
282
192
150
350
168
10
-50
-222
-258
16
48
-12
186
248
200
-102
-16
228
332
78
278
364
98
90
10
-50
-58
26
150
14
-60
-34
-138
-86
140
-120
58
116
190
318
58
-154
84
22
38
-72
188
94
-234
-242
-182
-68
12
-246
-230
-270
-100
-184
-24
-184
-296
28
102
198
92
-110
-48
-34
-26
-36
-24
90
-20
218
30
104
118
40
170
-16
-192
-268
-266
-28
-178
164
-6
-98
12
-232
-32
-142
-200
-274
-4
-116
-44
192
248
162
-122
-58
-24
292
274
260
96
-68
-72
64
32
-198
-328
-10
216
8
-258
-12
-44
70
34
-10
-66
-144
-30
86
198
42
0
-160
-158
-164
-106
140
110
-28
-94
16
-208
88
242
326
298
246
222
-58
-110
-46
-156
-20
76
12
-36
-150
-210
-126
-8
-72
-180
-48
138
46
-64
-44
44
-126
-210
-118
-36
20
38
-242
-92
122
28
-68
-116
176
66
-24
-112
6
-110
-8
102
36
24
-222
-258
-240
-318
-166
148
286
176
-18
-140
58
-72
76
60
-142
-180
-66
-122
-194
-30
32
140
148
198
156
50
140
-70
-82
-94
-2
220
-14
120
240
88
-190
-250
-348
-30
122
138
-58
-90
116
-166
-266
-96
62
10
-370
-288
84
22
90
80
286
252
250
60
198
30
-280
-224
48
62
168
228
328
86
18
160
332
376
246
308
270
384
14
-154
-112
-402
-138
-10
-270
-350
196
58
84
188
264
172
248
-14
-24
-94
58
116
150
48
-24
86
304
238
80
152
78
146
176
224
276
274
330
116
-94
198
28
170
94
18
36
-50
2
-188
16
-112
10
74
34
-160
-158
-312
-220
-40
-122
-232
-160
-62
74
262
86
52
110
